Ship Number,Trip Number,Tow Number
JEANMATHIEU,7,5
Comments
"ZONE 12 CHEMIN DU FERRY"
CPU Date and Time,GPS Date,GPS Time,Latitude,Longitude,Speed,Heading,Validity,Transducer Name,Sensor Name,Sensor Value,Error Code,Hydrophone,Signal Strength
,09-Sep-2017,140957,46 40.878100 N,061 54.052100 W,3.3,123.8,A,,,,,,
,09-Sep-2017,140958,46 40.877600 N,061 54.051100 W,3.3,124.5,A,,,,,,
,09-Sep-2017,140959,46 40.877000 N,061 54.050000 W,3.3,124.8,A,,,,,,
,09-Sep-2017,141000,46 40.876400 N,061 54.048900 W,3.3,125.1,A,,,,,,
,09-Sep-2017,141001,46 40.875900 N,061 54.047800 W,3.4,125.3,A,,,,,,
,09-Sep-2017,141002,46 40.875300 N,061 54.046700 W,3.4,125.3,A,,,,,,
,09-Sep-2017,141003,46 40.874800 N,061 54.045500 W,3.4,125.0,A,,,,,,
,09-Sep-2017,141004,46 40.874200 N,061 54.044300 W,3.4,125.0,A,,,,,,
,09-Sep-2017,141005,46 40.873600 N,061 54.043100 W,3.4,125.0,A,,,,,,
,09-Sep-2017,141006,46 40.873100 N,061 54.041900 W,3.5,124.8,A,,,,,,
,09-Sep-2017,141007,46 40.872600 N,061 54.040600 W,3.5,124.0,A,,,,,,
,09-Sep-2017,141008,46 40.872200 N,061 54.039300 W,3.4,122.8,A,,,,,,
,09-Sep-2017,141009,46 40.871900 N,061 54.038100 W,3.4,121.7,A,,,,,,
,09-Sep-2017,141010,46 40.871600 N,061 54.036800 W,3.5,121.1,A,,,,,,
,09-Sep-2017,141011,46 40.871200 N,061 54.035700 W,3.5,120.9,A,,,,,,
,09-Sep-2017,141012,46 40.870900 N,061 54.034500 W,3.5,120.3,A,,,,,,
,09-Sep-2017,141013,46 40.870600 N,061 54.033300 W,3.5,118.8,A,,,,,,
,09-Sep-2017,141014,46 40.870400 N,061 54.032100 W,3.4,116.9,A,,,,,,
,09-Sep-2017,141015,46 40.870200 N,061 54.030800 W,3.4,115.5,A,,,,,,
,09-Sep-2017,141016,46 40.869900 N,061 54.029600 W,3.4,114.8,A,,,,,,
,09-Sep-2017,141017,46 40.869600 N,061 54.028400 W,3.4,114.6,A,,,,,,
,09-Sep-2017,141018,46 40.869300 N,061 54.027100 W,3.4,114.0,A,,,,,,
,09-Sep-2017,141019,46 40.869100 N,061 54.025900 W,3.4,112.6,A,,,,,,
,09-Sep-2017,141020,46 40.869000 N,061 54.024600 W,3.4,110.6,A,,,,,,
,09-Sep-2017,141021,46 40.868900 N,061 54.023300 W,3.4,108.7,A,,,,,,
,09-Sep-2017,141022,46 40.868700 N,061 54.022000 W,3.4,107.6,A,,,,,,
,09-Sep-2017,141023,46 40.868600 N,061 54.020800 W,3.4,107.2,A,,,,,,
,09-Sep-2017,141024,46 40.868300 N,061 54.019500 W,3.4,106.8,A,,,,,,
,09-Sep-2017,141025,46 40.868200 N,061 54.018200 W,3.3,105.7,A,,,,,,
Sat Sep 09 11:10:25 2017,09-Sep-2017,141026,46 40.868200 N,061 54.016900 W,3.3,104.0,A,DoorSpread,DoorMaster,3.135000,D,S,59176.000000
Sat Sep 09 11:10:25 2017,09-Sep-2017,141027,46 40.868200 N,061 54.015600 W,3.3,102.0,A,DoorSpread,DoorMaster,3.135000,D,S,59176.000000
Sat Sep 09 11:10:25 2017,09-Sep-2017,141028,46 40.868100 N,061 54.014400 W,3.3,100.9,A,DoorSpread,DoorMaster,3.135000,D,S,59176.000000
Sat Sep 09 11:10:25 2017,09-Sep-2017,141029,46 40.868000 N,061 54.013100 W,3.3,100.6,A,DoorSpread,DoorMaster,3.135000,D,S,59176.000000
Sat Sep 09 11:10:25 2017,09-Sep-2017,141030,46 40.867900 N,061 54.011700 W,3.3,100.3,A,DoorSpread,DoorMaster,3.135000,D,S,59176.000000
Sat Sep 09 11:10:25 2017,09-Sep-2017,141031,46 40.867900 N,061 54.010400 W,3.3,99.4,A,DoorSpread,DoorMaster,3.135000,D,S,59176.000000
Sat Sep 09 11:10:31 2017,09-Sep-2017,141032,46 40.867900 N,061 54.009100 W,3.3,97.6,A,DoorSpread,DoorMaster,2.755000,D,S,29793.000000
Sat Sep 09 11:10:31 2017,09-Sep-2017,141033,46 40.868000 N,061 54.007900 W,3.3,95.7,A,DoorSpread,DoorMaster,2.755000,D,S,29793.000000
Sat Sep 09 11:10:31 2017,09-Sep-2017,141034,46 40.868000 N,061 54.006600 W,3.3,94.4,A,DoorSpread,DoorMaster,2.755000,D,S,29793.000000
Sat Sep 09 11:10:31 2017,09-Sep-2017,141035,46 40.868000 N,061 54.005200 W,3.3,93.8,A,DoorSpread,DoorMaster,2.755000,D,S,29793.000000
Sat Sep 09 11:10:31 2017,09-Sep-2017,141036,46 40.867900 N,061 54.003800 W,3.3,93.5,A,DoorSpread,DoorMaster,2.755000,D,S,29793.000000
Sat Sep 09 11:10:36 2017,09-Sep-2017,141037,46 40.867900 N,061 54.002500 W,3.3,92.8,A,DoorSpread,DoorMaster,3.540000,D,S,42301.000000
Sat Sep 09 11:10:36 2017,09-Sep-2017,141038,46 40.868000 N,061 54.001200 W,3.3,90.8,A,DoorSpread,DoorMaster,3.540000,D,S,42301.000000
Sat Sep 09 11:10:36 2017,09-Sep-2017,141039,46 40.868200 N,061 54.000100 W,3.3,88.7,A,DoorSpread,DoorMaster,3.540000,D,S,42301.000000
Sat Sep 09 11:10:36 2017,09-Sep-2017,141040,46 40.868200 N,061 53.998900 W,3.3,87.6,A,DoorSpread,DoorMaster,3.540000,D,S,42301.000000
Sat Sep 09 11:10:36 2017,09-Sep-2017,141041,46 40.868300 N,061 53.997700 W,3.3,87.4,A,DoorSpread,DoorMaster,3.540000,D,S,42301.000000
Sat Sep 09 11:10:36 2017,09-Sep-2017,141042,46 40.868300 N,061 53.996400 W,3.3,87.0,A,DoorSpread,DoorMaster,3.540000,D,S,42301.000000
Sat Sep 09 11:10:42 2017,09-Sep-2017,141043,46 40.868400 N,061 53.995300 W,3.3,85.4,A,DoorSpread,DoorMaster,3.410000,D,S,78801.000000
Sat Sep 09 11:10:42 2017,09-Sep-2017,141044,46 40.868600 N,061 53.994100 W,3.2,83.4,A,DoorSpread,DoorMaster,3.410000,D,S,78801.000000
Sat Sep 09 11:10:42 2017,09-Sep-2017,141045,46 40.868800 N,061 53.992900 W,3.2,82.1,A,DoorSpread,DoorMaster,3.410000,D,S,78801.000000
Sat Sep 09 11:10:42 2017,09-Sep-2017,141046,46 40.869000 N,061 53.991600 W,3.3,81.6,A,DoorSpread,DoorMaster,3.410000,D,S,78801.000000
Sat Sep 09 11:10:42 2017,09-Sep-2017,141047,46 40.869000 N,061 53.990500 W,3.3,81.5,A,DoorSpread,DoorMaster,3.410000,D,S,78801.000000
Sat Sep 09 11:10:47 2017,09-Sep-2017,141048,46 40.869200 N,061 53.989200 W,3.2,80.7,A,DoorSpread,DoorMaster,3.285000,D,S,111178.000000
Sat Sep 09 11:10:47 2017,09-Sep-2017,141049,46 40.869500 N,061 53.988100 W,3.2,79.1,A,DoorSpread,DoorMaster,3.285000,D,S,111178.000000
Sat Sep 09 11:10:47 2017,09-Sep-2017,141050,46 40.869700 N,061 53.987000 W,3.2,77.8,A,DoorSpread,DoorMaster,3.285000,D,S,111178.000000
Sat Sep 09 11:10:47 2017,09-Sep-2017,141051,46 40.869900 N,061 53.985900 W,3.1,77.5,A,DoorSpread,DoorMaster,3.285000,D,S,111178.000000
Sat Sep 09 11:10:47 2017,09-Sep-2017,141052,46 40.870000 N,061 53.984700 W,3.1,77.8,A,DoorSpread,DoorMaster,3.285000,D,S,111178.000000
Sat Sep 09 11:10:53 2017,09-Sep-2017,141053,46 40.870200 N,061 53.983700 W,3.1,77.9,A,DoorSpread,DoorMaster,3.385000,D,S,96456.000000
Sat Sep 09 11:10:53 2017,09-Sep-2017,141054,46 40.870400 N,061 53.982600 W,3.0,77.3,A,DoorSpread,DoorMaster,3.385000,D,S,96456.000000
Sat Sep 09 11:10:53 2017,09-Sep-2017,141055,46 40.870500 N,061 53.981700 W,2.9,76.9,A,DoorSpread,DoorMaster,3.385000,D,S,96456.000000
Sat Sep 09 11:10:53 2017,09-Sep-2017,141056,46 40.870700 N,061 53.980700 W,2.9,77.2,A,DoorSpread,DoorMaster,3.385000,D,S,96456.000000
Sat Sep 09 11:10:53 2017,09-Sep-2017,141057,46 40.870700 N,061 53.979700 W,2.8,78.0,A,DoorSpread,DoorMaster,3.385000,D,S,96456.000000
Sat Sep 09 11:10:53 2017,09-Sep-2017,141058,46 40.870800 N,061 53.978800 W,2.8,78.5,A,DoorSpread,DoorMaster,3.385000,D,S,96456.000000
Sat Sep 09 11:10:58 2017,09-Sep-2017,141059,46 40.871000 N,061 53.977900 W,2.7,78.4,A,DoorSpread,DoorMaster,3.020000,D,S,110649.000000
Sat Sep 09 11:10:59 2017,09-Sep-2017,141100,46 40.871100 N,061 53.977100 W,2.7,78.4,A,Depth,Depth,5.092593,D,S,43097.000000
Sat Sep 09 11:10:59 2017,09-Sep-2017,141101,46 40.871200 N,061 53.976100 W,2.6,78.9,A,Depth,Depth,5.092593,D,S,43097.000000
Sat Sep 09 11:10:59 2017,09-Sep-2017,141102,46 40.871300 N,061 53.975200 W,2.6,79.4,A,Depth,Depth,5.092593,D,S,43097.000000
Sat Sep 09 11:10:59 2017,09-Sep-2017,141103,46 40.871400 N,061 53.974300 W,2.5,80.0,A,Depth,Depth,5.092593,D,S,43097.000000
Sat Sep 09 11:11:03 2017,09-Sep-2017,141104,46 40.871400 N,061 53.973300 W,2.5,81.1,A,DoorSpread,DoorMaster,2.610000,D,S,100531.000000
Sat Sep 09 11:11:03 2017,09-Sep-2017,141105,46 40.871500 N,061 53.972200 W,2.5,82.1,A,DoorSpread,DoorMaster,2.610000,D,S,100531.000000
Sat Sep 09 11:11:03 2017,09-Sep-2017,141106,46 40.871500 N,061 53.971300 W,2.4,82.6,A,DoorSpread,DoorMaster,2.610000,D,S,100531.000000
Sat Sep 09 11:11:06 2017,09-Sep-2017,141107,46 40.871600 N,061 53.970400 W,2.4,82.7,A,Depth,Depth,4.907407,D,S,85415.000000
Sat Sep 09 11:11:06 2017,09-Sep-2017,141108,46 40.871700 N,061 53.969600 W,2.3,83.1,A,Depth,Depth,4.907407,D,S,85415.000000
Sat Sep 09 11:11:09 2017,09-Sep-2017,141109,46 40.871700 N,061 53.968800 W,2.3,84.3,A,DoorSpread,DoorMaster,2.285000,D,S,310805.000000
Sat Sep 09 11:11:09 2017,09-Sep-2017,141110,46 40.871600 N,061 53.967900 W,2.3,85.7,A,DoorSpread,DoorMaster,2.285000,D,S,310805.000000
Sat Sep 09 11:11:09 2017,09-Sep-2017,141111,46 40.871600 N,061 53.967100 W,2.2,86.3,A,DoorSpread,DoorMaster,2.285000,D,S,310805.000000
Sat Sep 09 11:11:09 2017,09-Sep-2017,141112,46 40.871700 N,061 53.966400 W,2.2,86.1,A,DoorSpread,DoorMaster,2.285000,D,S,310805.000000
Sat Sep 09 11:11:09 2017,09-Sep-2017,141113,46 40.871700 N,061 53.965500 W,2.2,86.4,A,DoorSpread,DoorMaster,2.285000,D,S,310805.000000
Sat Sep 09 11:11:09 2017,09-Sep-2017,141114,46 40.871600 N,061 53.964700 W,2.2,87.4,A,DoorSpread,DoorMaster,2.285000,D,S,310805.000000
Sat Sep 09 11:11:14 2017,09-Sep-2017,141115,46 40.871500 N,061 53.964000 W,2.1,89.0,A,DoorSpread,DoorMaster,2.210000,D,S,584316.000000
Sat Sep 09 11:11:14 2017,09-Sep-2017,141116,46 40.871500 N,061 53.963200 W,2.1,90.0,A,DoorSpread,DoorMaster,2.210000,D,S,584316.000000
Sat Sep 09 11:11:14 2017,09-Sep-2017,141117,46 40.871400 N,061 53.962400 W,2.0,90.4,A,DoorSpread,DoorMaster,2.210000,D,S,584316.000000
Sat Sep 09 11:11:14 2017,09-Sep-2017,141118,46 40.871400 N,061 53.961600 W,2.0,90.5,A,DoorSpread,DoorMaster,2.210000,D,S,584316.000000
Sat Sep 09 11:11:14 2017,09-Sep-2017,141119,46 40.871300 N,061 53.960900 W,1.9,90.9,A,DoorSpread,DoorMaster,2.210000,D,S,584316.000000
Sat Sep 09 11:11:19 2017,09-Sep-2017,141120,46 40.871200 N,061 53.960200 W,1.9,91.4,A,DoorSpread,DoorMaster,1.720000,D,S,509026.000000
Sat Sep 09 11:11:20 2017,09-Sep-2017,141121,46 40.871200 N,061 53.959400 W,1.9,92.3,A,Primary,Headline,2.836735,D,S,24119.000000
Sat Sep 09 11:11:20 2017,09-Sep-2017,141122,46 40.871100 N,061 53.958700 W,1.9,93.1,A,Primary,Headline,2.836735,D,S,24119.000000
Sat Sep 09 11:11:20 2017,09-Sep-2017,141123,46 40.871000 N,061 53.958000 W,1.9,93.6,A,Primary,Headline,2.836735,D,S,24119.000000
Sat Sep 09 11:11:20 2017,09-Sep-2017,141124,46 40.871000 N,061 53.957300 W,1.9,93.8,A,Primary,Headline,2.836735,D,S,24119.000000
Sat Sep 09 11:11:24 2017,09-Sep-2017,141125,46 40.870900 N,061 53.956600 W,1.8,93.6,A,DoorSpread,DoorMaster,1.535000,D,S,222434.000000
Sat Sep 09 11:11:24 2017,09-Sep-2017,141126,46 40.870900 N,061 53.955900 W,1.8,93.5,A,DoorSpread,DoorMaster,1.535000,D,S,222434.000000
Sat Sep 09 11:11:24 2017,09-Sep-2017,141127,46 40.870800 N,061 53.955200 W,1.8,94.2,A,DoorSpread,DoorMaster,1.535000,D,S,222434.000000
Sat Sep 09 11:11:27 2017,09-Sep-2017,141128,46 40.870700 N,061 53.954600 W,1.8,95.4,A,Depth,Depth,17.592593,D,S,55614.000000
Sat Sep 09 11:11:27 2017,09-Sep-2017,141129,46 40.870700 N,061 53.954000 W,1.7,96.0,A,Depth,Depth,17.592593,D,S,55614.000000
Sat Sep 09 11:11:27 2017,09-Sep-2017,141130,46 40.870600 N,061 53.953300 W,1.7,96.0,A,Depth,Depth,17.592593,D,S,55614.000000
Sat Sep 09 11:11:30 2017,09-Sep-2017,141131,46 40.870600 N,061 53.952600 W,1.7,95.5,A,DoorSpread,DoorMaster,2.185000,D,S,138341.000000
Sat Sep 09 11:11:30 2017,09-Sep-2017,141132,46 40.870500 N,061 53.952000 W,1.7,95.4,A,DoorSpread,DoorMaster,2.185000,D,S,138341.000000
Sat Sep 09 11:11:30 2017,09-Sep-2017,141133,46 40.870600 N,061 53.951300 W,1.7,96.2,A,DoorSpread,DoorMaster,2.185000,D,S,138341.000000
Sat Sep 09 11:11:30 2017,09-Sep-2017,141134,46 40.870400 N,061 53.950800 W,1.6,97.4,A,DoorSpread,DoorMaster,2.185000,D,S,138341.000000
Sat Sep 09 11:11:34 2017,09-Sep-2017,141135,46 40.870300 N,061 53.950200 W,1.6,97.4,A,Depth,Depth,12.037037,D,S,57645.000000
Sat Sep 09 11:11:35 2017,09-Sep-2017,141136,46 40.870400 N,061 53.949500 W,1.6,96.0,A,DoorSpread,DoorMaster,2.530000,D,S,395017.000000
Sat Sep 09 11:11:35 2017,09-Sep-2017,141137,46 40.870500 N,061 53.948700 W,1.7,94.9,A,DoorSpread,DoorMaster,2.530000,D,S,395017.000000
Sat Sep 09 11:11:35 2017,09-Sep-2017,141138,46 40.870400 N,061 53.947700 W,1.9,94.7,A,DoorSpread,DoorMaster,2.530000,D,S,395017.000000
Sat Sep 09 11:11:35 2017,09-Sep-2017,141139,46 40.870400 N,061 53.946400 W,2.1,94.7,A,DoorSpread,DoorMaster,2.530000,D,S,395017.000000
Sat Sep 09 11:11:35 2017,09-Sep-2017,141140,46 40.870400 N,061 53.945000 W,2.3,93.8,A,DoorSpread,DoorMaster,2.530000,D,S,395017.000000
Sat Sep 09 11:11:40 2017,09-Sep-2017,141141,46 40.870500 N,061 53.943500 W,2.5,92.0,A,DoorSpread,DoorMaster,2.885000,D,S,333428.000000
Sat Sep 09 11:11:41 2017,09-Sep-2017,141142,46 40.870700 N,061 53.941800 W,2.8,90.4,A,Depth,Depth,20.370370,D,S,98545.000000
Sat Sep 09 11:11:41 2017,09-Sep-2017,141143,46 40.870800 N,061 53.939800 W,3.1,89.8,A,Depth,Depth,20.370370,D,S,98545.000000
Sat Sep 09 11:11:41 2017,09-Sep-2017,141144,46 40.870800 N,061 53.937800 W,3.4,89.7,A,Depth,Depth,20.370370,D,S,98545.000000
Sat Sep 09 11:11:41 2017,09-Sep-2017,141145,46 40.870900 N,061 53.935700 W,3.7,89.2,A,Depth,Depth,20.370370,D,S,98545.000000
Sat Sep 09 11:11:41 2017,09-Sep-2017,141146,46 40.871000 N,061 53.933600 W,3.9,88.1,A,Depth,Depth,20.370370,D,S,98545.000000
Sat Sep 09 11:11:46 2017,09-Sep-2017,141147,46 40.871200 N,061 53.931400 W,4.2,86.9,A,DoorSpread,DoorMaster,3.450000,D,S,278419.000000
Sat Sep 09 11:11:46 2017,09-Sep-2017,141148,46 40.871400 N,061 53.929100 W,4.4,86.0,A,DoorSpread,DoorMaster,3.450000,D,S,278419.000000
Sat Sep 09 11:11:48 2017,09-Sep-2017,141149,46 40.871600 N,061 53.926700 W,4.6,85.7,A,Depth,Depth,17.685185,D,S,213269.000000
Sat Sep 09 11:11:48 2017,09-Sep-2017,141150,46 40.871800 N,061 53.924300 W,4.8,85.8,A,Depth,Depth,17.685185,D,S,213269.000000
Sat Sep 09 11:11:48 2017,09-Sep-2017,141151,46 40.871900 N,061 53.921800 W,5.0,85.8,A,Depth,Depth,17.685185,D,S,213269.000000
Sat Sep 09 11:11:51 2017,09-Sep-2017,141152,46 40.872000 N,061 53.919300 W,5.2,85.7,A,DoorSpread,DoorMaster,3.540000,D,S,58146.000000
Sat Sep 09 11:11:51 2017,09-Sep-2017,141153,46 40.872200 N,061 53.916800 W,5.4,85.5,A,DoorSpread,DoorMaster,3.540000,D,S,58146.000000
Sat Sep 09 11:11:51 2017,09-Sep-2017,141154,46 40.872200 N,061 53.914100 W,5.5,85.7,A,DoorSpread,DoorMaster,3.540000,D,S,58146.000000
Sat Sep 09 11:11:51 2017,09-Sep-2017,141155,46 40.872300 N,061 53.911400 W,5.7,86.1,A,DoorSpread,DoorMaster,3.540000,D,S,58146.000000
Sat Sep 09 11:11:55 2017,09-Sep-2017,141156,46 40.872300 N,061 53.908700 W,5.8,86.7,A,Depth,Depth,21.388889,D,S,183896.000000
Sat Sep 09 11:11:57 2017,09-Sep-2017,141157,46 40.872300 N,061 53.905900 W,6.0,87.2,A,DoorSpread,DoorMaster,3.000000,D,S,119876.000000
Sat Sep 09 11:11:57 2017,09-Sep-2017,141158,46 40.872300 N,061 53.903100 W,6.1,87.4,A,DoorSpread,DoorMaster,3.000000,D,S,119876.000000
Sat Sep 09 11:11:57 2017,09-Sep-2017,141159,46 40.872400 N,061 53.900300 W,6.2,87.4,A,DoorSpread,DoorMaster,3.000000,D,S,119876.000000
Sat Sep 09 11:11:57 2017,09-Sep-2017,141200,46 40.872500 N,061 53.897500 W,6.3,87.2,A,DoorSpread,DoorMaster,3.000000,D,S,119876.000000
Sat Sep 09 11:11:57 2017,09-Sep-2017,141201,46 40.872600 N,061 53.894800 W,6.4,87.1,A,DoorSpread,DoorMaster,3.000000,D,S,119876.000000
Sat Sep 09 11:11:57 2017,09-Sep-2017,141202,46 40.872600 N,061 53.891900 W,6.5,87.1,A,DoorSpread,DoorMaster,3.000000,D,S,119876.000000
Sat Sep 09 11:12:02 2017,09-Sep-2017,141203,46 40.872700 N,061 53.889100 W,6.5,87.1,A,DoorSpread,DoorMaster,3.505000,D,S,136078.000000
Sat Sep 09 11:12:03 2017,09-Sep-2017,141204,46 40.872800 N,061 53.886200 W,6.6,87.0,A,Depth,Depth,15.740741,D,S,150262.000000
Sat Sep 09 11:12:03 2017,09-Sep-2017,141205,46 40.872900 N,061 53.883400 W,6.7,86.8,A,Depth,Depth,15.740741,D,S,150262.000000
Sat Sep 09 11:12:03 2017,09-Sep-2017,141206,46 40.873000 N,061 53.880700 W,6.7,86.5,A,Depth,Depth,15.740741,D,S,150262.000000
Sat Sep 09 11:12:03 2017,09-Sep-2017,141207,46 40.873300 N,061 53.877900 W,6.7,86.0,A,Depth,Depth,15.740741,D,S,150262.000000
Sat Sep 09 11:12:07 2017,09-Sep-2017,141208,46 40.873600 N,061 53.875200 W,6.7,85.7,A,DoorSpread,DoorMaster,4.280000,D,S,91308.000000
Sat Sep 09 11:12:07 2017,09-Sep-2017,141209,46 40.873600 N,061 53.872500 W,6.7,85.6,A,DoorSpread,DoorMaster,4.280000,D,S,91308.000000
Sat Sep 09 11:12:10 2017,09-Sep-2017,141210,46 40.873700 N,061 53.869900 W,6.6,85.6,A,Depth,Depth,20.555556,D,S,95610.000000
Sat Sep 09 11:12:10 2017,09-Sep-2017,141211,46 40.873800 N,061 53.867300 W,6.6,85.3,A,Depth,Depth,20.555556,D,S,95610.000000
Sat Sep 09 11:12:11 2017,09-Sep-2017,141212,46 40.874100 N,061 53.864800 W,6.6,84.9,A,Primary,Headline,45.244898,D,S,67882.000000
Sat Sep 09 11:12:12 2017,09-Sep-2017,141213,46 40.874400 N,061 53.862200 W,6.5,84.5,A,DoorSpread,DoorMaster,0.000000,E,S,103599.000000
Sat Sep 09 11:12:12 2017,09-Sep-2017,141214,46 40.874600 N,061 53.859700 W,6.5,84.5,A,DoorSpread,DoorMaster,0.000000,E,S,103599.000000
Sat Sep 09 11:12:12 2017,09-Sep-2017,141215,46 40.874700 N,061 53.857000 W,6.5,84.8,A,DoorSpread,DoorMaster,0.000000,E,S,103599.000000
Sat Sep 09 11:12:12 2017,09-Sep-2017,141216,46 40.874800 N,061 53.854400 W,6.4,85.0,A,DoorSpread,DoorMaster,0.000000,E,S,103599.000000
Sat Sep 09 11:12:12 2017,09-Sep-2017,141217,46 40.874900 N,061 53.851900 W,6.4,85.0,A,DoorSpread,DoorMaster,0.000000,E,S,103599.000000
Sat Sep 09 11:12:17 2017,09-Sep-2017,141218,46 40.875000 N,061 53.849300 W,6.4,84.9,A,Primary,Headline,45.612245,D,S,56484.000000
Sat Sep 09 11:12:18 2017,09-Sep-2017,141219,46 40.875100 N,061 53.846700 W,6.4,85.0,A,DoorSpread,DoorMaster,0.000000,E,S,128037.000000
Sat Sep 09 11:12:18 2017,09-Sep-2017,141220,46 40.875300 N,061 53.844100 W,6.4,85.1,A,DoorSpread,DoorMaster,0.000000,E,S,128037.000000
Sat Sep 09 11:12:18 2017,09-Sep-2017,141221,46 40.875300 N,061 53.841500 W,6.3,85.5,A,DoorSpread,DoorMaster,0.000000,E,S,128037.000000
Sat Sep 09 11:12:18 2017,09-Sep-2017,141222,46 40.875400 N,061 53.838900 W,6.3,85.8,A,DoorSpread,DoorMaster,0.000000,E,S,128037.000000
Sat Sep 09 11:12:23 2017,09-Sep-2017,141223,46 40.875500 N,061 53.836300 W,6.3,86.1,A,Primary,Headline,43.897959,D,S,63058.000000
Sat Sep 09 11:12:23 2017,09-Sep-2017,141224,46 40.875500 N,061 53.833800 W,6.3,86.4,A,DoorSpread,DoorMaster,4.920000,D,S,134575.000000
Sat Sep 09 11:12:24 2017,09-Sep-2017,141225,46 40.875600 N,061 53.831200 W,6.3,86.6,A,Depth,Depth,16.759259,D,S,139615.000000
Sat Sep 09 11:12:24 2017,09-Sep-2017,141226,46 40.875700 N,061 53.828700 W,6.2,86.7,A,Depth,Depth,16.759259,D,S,139615.000000
Sat Sep 09 11:12:24 2017,09-Sep-2017,141227,46 40.875800 N,061 53.826100 W,6.2,86.7,A,Depth,Depth,16.759259,D,S,139615.000000
Sat Sep 09 11:12:24 2017,09-Sep-2017,141228,46 40.875900 N,061 53.823600 W,6.2,86.6,A,Depth,Depth,16.759259,D,S,139615.000000
Sat Sep 09 11:12:29 2017,09-Sep-2017,141229,46 40.876100 N,061 53.821100 W,6.2,86.6,A,DoorSpread,DoorMaster,5.250000,D,S,150299.000000
Sat Sep 09 11:12:29 2017,09-Sep-2017,141230,46 40.876100 N,061 53.818500 W,6.2,86.7,A,DoorSpread,DoorMaster,5.250000,D,S,150299.000000
Sat Sep 09 11:12:29 2017,09-Sep-2017,141231,46 40.876200 N,061 53.816000 W,6.2,86.8,A,DoorSpread,DoorMaster,5.250000,D,S,150299.000000
Sat Sep 09 11:12:31 2017,09-Sep-2017,141232,46 40.876300 N,061 53.813400 W,6.2,86.7,A,Depth,Depth,18.055556,D,S,69111.000000
Sat Sep 09 11:12:31 2017,09-Sep-2017,141233,46 40.876500 N,061 53.811000 W,6.2,86.4,A,Depth,Depth,18.055556,D,S,69111.000000
Sat Sep 09 11:12:31 2017,09-Sep-2017,141234,46 40.876700 N,061 53.808400 W,6.2,85.8,A,Depth,Depth,18.055556,D,S,69111.000000
Sat Sep 09 11:12:34 2017,09-Sep-2017,141235,46 40.876800 N,061 53.805900 W,6.2,85.5,A,DoorSpread,DoorMaster,5.670000,D,S,73950.000000
Sat Sep 09 11:12:34 2017,09-Sep-2017,141236,46 40.877000 N,061 53.803400 W,6.2,85.2,A,DoorSpread,DoorMaster,5.670000,D,S,73950.000000
Sat Sep 09 11:12:34 2017,09-Sep-2017,141237,46 40.877200 N,061 53.800800 W,6.2,85.1,A,DoorSpread,DoorMaster,5.670000,D,S,73950.000000
Sat Sep 09 11:12:34 2017,09-Sep-2017,141238,46 40.877300 N,061 53.798300 W,6.2,84.9,A,DoorSpread,DoorMaster,5.670000,D,S,73950.000000
Sat Sep 09 11:12:38 2017,09-Sep-2017,141239,46 40.877500 N,061 53.795700 W,6.2,84.7,A,Depth,Depth,37.592593,D,S,33674.000000
Sat Sep 09 11:12:40 2017,09-Sep-2017,141240,46 40.877700 N,061 53.793300 W,6.1,84.5,A,DoorSpread,DoorMaster,4.915000,D,S,104279.000000
Sat Sep 09 11:12:40 2017,09-Sep-2017,141241,46 40.877900 N,061 53.790800 W,6.1,84.2,A,DoorSpread,DoorMaster,4.915000,D,S,104279.000000
Sat Sep 09 11:12:40 2017,09-Sep-2017,141242,46 40.878200 N,061 53.788300 W,6.1,84.0,A,DoorSpread,DoorMaster,4.915000,D,S,104279.000000
Sat Sep 09 11:12:40 2017,09-Sep-2017,141243,46 40.878200 N,061 53.785800 W,6.1,84.0,A,DoorSpread,DoorMaster,4.915000,D,S,104279.000000
Sat Sep 09 11:12:40 2017,09-Sep-2017,141244,46 40.878300 N,061 53.783300 W,6.1,84.1,A,DoorSpread,DoorMaster,4.915000,D,S,104279.000000
Sat Sep 09 11:12:40 2017,09-Sep-2017,141245,46 40.878400 N,061 53.780800 W,6.1,84.4,A,DoorSpread,DoorMaster,4.915000,D,S,104279.000000
Sat Sep 09 11:12:45 2017,09-Sep-2017,141246,46 40.878500 N,061 53.778200 W,6.1,84.5,A,DoorSpread,DoorMaster,5.010000,D,S,87829.000000
Sat Sep 09 11:12:45 2017,09-Sep-2017,141247,46 40.878500 N,061 53.775700 W,6.1,84.7,A,DoorSpread,DoorMaster,5.010000,D,S,87829.000000
Sat Sep 09 11:12:45 2017,09-Sep-2017,141248,46 40.878600 N,061 53.773200 W,6.1,85.0,A,DoorSpread,DoorMaster,5.010000,D,S,87829.000000
Sat Sep 09 11:12:45 2017,09-Sep-2017,141249,46 40.878600 N,061 53.770600 W,6.1,85.4,A,DoorSpread,DoorMaster,5.010000,D,S,87829.000000
Sat Sep 09 11:12:45 2017,09-Sep-2017,141250,46 40.878600 N,061 53.768000 W,6.2,85.9,A,DoorSpread,DoorMaster,5.010000,D,S,87829.000000
Sat Sep 09 11:12:45 2017,09-Sep-2017,141251,46 40.878600 N,061 53.765500 W,6.2,86.2,A,DoorSpread,DoorMaster,5.010000,D,S,87829.000000
Sat Sep 09 11:12:51 2017,09-Sep-2017,141252,46 40.878700 N,061 53.762900 W,6.2,86.3,A,DoorSpread,DoorMaster,5.500000,D,S,132478.000000
Sat Sep 09 11:12:52 2017,09-Sep-2017,141253,46 40.878700 N,061 53.760400 W,6.2,86.4,A,Depth,Depth,19.907407,D,S,54720.000000
Sat Sep 09 11:12:52 2017,09-Sep-2017,141254,46 40.878800 N,061 53.757900 W,6.2,86.4,A,Depth,Depth,19.907407,D,S,54720.000000
Sat Sep 09 11:12:52 2017,09-Sep-2017,141255,46 40.878800 N,061 53.755400 W,6.2,86.4,A,Depth,Depth,19.907407,D,S,54720.000000
Sat Sep 09 11:12:52 2017,09-Sep-2017,141256,46 40.878900 N,061 53.752900 W,6.2,86.7,A,Depth,Depth,19.907407,D,S,54720.000000
Sat Sep 09 11:12:56 2017,09-Sep-2017,141257,46 40.878900 N,061 53.750400 W,6.2,86.9,A,DoorSpread,DoorMaster,5.870000,D,S,59775.000000
Sat Sep 09 11:12:56 2017,09-Sep-2017,141258,46 40.879000 N,061 53.747900 W,6.2,86.8,A,DoorSpread,DoorMaster,5.870000,D,S,59775.000000
Sat Sep 09 11:12:56 2017,09-Sep-2017,141259,46 40.879100 N,061 53.745500 W,6.2,86.3,A,DoorSpread,DoorMaster,5.870000,D,S,59775.000000
Sat Sep 09 11:12:59 2017,09-Sep-2017,141300,46 40.879400 N,061 53.743000 W,6.2,85.9,A,Depth,Depth,34.444444,D,S,45425.000000
Sat Sep 09 11:12:59 2017,09-Sep-2017,141301,46 40.879500 N,061 53.740600 W,6.1,85.8,A,Depth,Depth,34.444444,D,S,45425.000000
Sat Sep 09 11:12:59 2017,09-Sep-2017,141302,46 40.879500 N,061 53.738100 W,6.1,85.9,A,Depth,Depth,34.444444,D,S,45425.000000
Sat Sep 09 11:13:02 2017,09-Sep-2017,141303,46 40.879700 N,061 53.735600 W,6.1,86.1,A,DoorSpread,DoorMaster,5.170000,D,S,66872.000000
Sat Sep 09 11:13:02 2017,09-Sep-2017,141304,46 40.879800 N,061 53.733100 W,6.1,86.0,A,DoorSpread,DoorMaster,5.170000,D,S,66872.000000
Sat Sep 09 11:13:02 2017,09-Sep-2017,141305,46 40.879900 N,061 53.730600 W,6.1,85.8,A,DoorSpread,DoorMaster,5.170000,D,S,66872.000000
Sat Sep 09 11:13:02 2017,09-Sep-2017,141306,46 40.880200 N,061 53.728200 W,6.1,85.5,A,DoorSpread,DoorMaster,5.170000,D,S,66872.000000
Sat Sep 09 11:13:06 2017,09-Sep-2017,141307,46 40.880300 N,061 53.725700 W,6.1,85.2,A,Depth,Depth,16.481481,D,S,46654.000000
Sat Sep 09 11:13:07 2017,09-Sep-2017,141308,46 40.880500 N,061 53.723200 W,6.2,85.1,A,DoorSpread,DoorMaster,6.140000,D,S,140604.000000
Sat Sep 09 11:13:07 2017,09-Sep-2017,141309,46 40.880600 N,061 53.720700 W,6.1,85.1,A,DoorSpread,DoorMaster,6.140000,D,S,140604.000000
Sat Sep 09 11:13:07 2017,09-Sep-2017,141310,46 40.880700 N,061 53.718200 W,6.1,85.3,A,DoorSpread,DoorMaster,6.140000,D,S,140604.000000
Sat Sep 09 11:13:07 2017,09-Sep-2017,141311,46 40.880900 N,061 53.715800 W,6.1,85.3,A,DoorSpread,DoorMaster,6.140000,D,S,140604.000000
Sat Sep 09 11:13:07 2017,09-Sep-2017,141312,46 40.881200 N,061 53.713400 W,6.1,85.1,A,DoorSpread,DoorMaster,6.140000,D,S,140604.000000
Sat Sep 09 11:13:07 2017,09-Sep-2017,141313,46 40.881400 N,061 53.710900 W,6.1,84.8,A,DoorSpread,DoorMaster,6.140000,D,S,140604.000000
Sat Sep 09 11:13:13 2017,09-Sep-2017,141314,46 40.881600 N,061 53.708500 W,6.1,84.7,A,Depth,Depth,28.981481,D,S,64941.000000
Sat Sep 09 11:13:13 2017,09-Sep-2017,141315,46 40.881800 N,061 53.706000 W,6.1,84.9,A,Depth,Depth,28.981481,D,S,64941.000000
Sat Sep 09 11:13:13 2017,09-Sep-2017,141316,46 40.881900 N,061 53.703600 W,6.1,85.0,A,Depth,Depth,28.981481,D,S,64941.000000
Sat Sep 09 11:13:13 2017,09-Sep-2017,141317,46 40.881900 N,061 53.701100 W,6.1,84.9,A,Depth,Depth,28.981481,D,S,64941.000000
Sat Sep 09 11:13:13 2017,09-Sep-2017,141318,46 40.882100 N,061 53.698600 W,6.1,84.7,A,Depth,Depth,28.981481,D,S,64941.000000
Sat Sep 09 11:13:18 2017,09-Sep-2017,141319,46 40.882200 N,061 53.696200 W,6.1,84.5,A,DoorSpread,DoorMaster,6.355000,D,S,70705.000000
Sat Sep 09 11:13:18 2017,09-Sep-2017,141320,46 40.882300 N,061 53.693800 W,6.1,84.5,A,DoorSpread,DoorMaster,6.355000,D,S,70705.000000
Sat Sep 09 11:13:20 2017,09-Sep-2017,141321,46 40.882400 N,061 53.691300 W,6.1,84.5,A,Depth,Depth,23.333333,D,S,102572.000000
Sat Sep 09 11:13:20 2017,09-Sep-2017,141322,46 40.882500 N,061 53.688900 W,6.1,84.5,A,Depth,Depth,23.333333,D,S,102572.000000
Sat Sep 09 11:13:20 2017,09-Sep-2017,141323,46 40.882700 N,061 53.686700 W,6.1,84.4,A,Depth,Depth,23.333333,D,S,102572.000000
Sat Sep 09 11:13:23 2017,09-Sep-2017,141324,46 40.882900 N,061 53.684400 W,6.1,84.2,A,DoorSpread,DoorMaster,0.000000,E,S,67543.000000
Sat Sep 09 11:13:23 2017,09-Sep-2017,141325,46 40.883000 N,061 53.682100 W,6.1,84.0,A,DoorSpread,DoorMaster,0.000000,E,S,67543.000000
Sat Sep 09 11:13:23 2017,09-Sep-2017,141326,46 40.883200 N,061 53.679800 W,6.1,83.9,A,DoorSpread,DoorMaster,0.000000,E,S,67543.000000
Sat Sep 09 11:13:23 2017,09-Sep-2017,141327,46 40.883400 N,061 53.677400 W,6.1,83.9,A,DoorSpread,DoorMaster,0.000000,E,S,67543.000000
Sat Sep 09 11:13:27 2017,09-Sep-2017,141328,46 40.883300 N,061 53.675100 W,6.1,84.0,A,Depth,Depth,33.055556,D,S,65085.000000
Sat Sep 09 11:13:27 2017,09-Sep-2017,141329,46 40.883400 N,061 53.672600 W,6.1,84.3,A,Depth,Depth,33.055556,D,S,65085.000000
Sat Sep 09 11:13:29 2017,09-Sep-2017,141330,46 40.883600 N,061 53.670300 W,6.1,84.5,A,DoorSpread,DoorMaster,0.000000,E,S,47932.000000
Sat Sep 09 11:13:29 2017,09-Sep-2017,141331,46 40.883700 N,061 53.667900 W,6.1,84.8,A,DoorSpread,DoorMaster,0.000000,E,S,47932.000000
Sat Sep 09 11:13:29 2017,09-Sep-2017,141332,46 40.883800 N,061 53.665500 W,6.0,85.0,A,DoorSpread,DoorMaster,0.000000,E,S,47932.000000
Sat Sep 09 11:13:29 2017,09-Sep-2017,141333,46 40.883900 N,061 53.663100 W,6.0,85.3,A,DoorSpread,DoorMaster,0.000000,E,S,47932.000000
Sat Sep 09 11:13:29 2017,09-Sep-2017,141334,46 40.884000 N,061 53.660600 W,6.1,85.6,A,DoorSpread,DoorMaster,0.000000,E,S,47932.000000
Sat Sep 09 11:13:29 2017,09-Sep-2017,141335,46 40.884000 N,061 53.658200 W,6.1,86.0,A,DoorSpread,DoorMaster,0.000000,E,S,47932.000000
Sat Sep 09 11:13:35 2017,09-Sep-2017,141336,46 40.884100 N,061 53.655800 W,6.1,86.3,A,Depth,Depth,30.648148,D,S,55736.000000
Sat Sep 09 11:13:35 2017,09-Sep-2017,141337,46 40.884200 N,061 53.653500 W,6.0,86.4,A,Depth,Depth,30.648148,D,S,55736.000000
Sat Sep 09 11:13:35 2017,09-Sep-2017,141338,46 40.884300 N,061 53.651100 W,6.0,86.4,A,Depth,Depth,30.648148,D,S,55736.000000
Sat Sep 09 11:13:35 2017,09-Sep-2017,141339,46 40.884400 N,061 53.648600 W,6.1,86.4,A,Depth,Depth,30.648148,D,S,55736.000000
Sat Sep 09 11:13:35 2017,09-Sep-2017,141340,46 40.884500 N,061 53.646200 W,6.1,86.4,A,Depth,Depth,30.648148,D,S,55736.000000
Sat Sep 09 11:13:35 2017,09-Sep-2017,141341,46 40.884600 N,061 53.643800 W,6.0,86.4,A,Depth,Depth,30.648148,D,S,55736.000000
Sat Sep 09 11:13:35 2017,09-Sep-2017,141342,46 40.884800 N,061 53.641400 W,6.0,86.1,A,Depth,Depth,30.648148,D,S,55736.000000
Sat Sep 09 11:13:42 2017,09-Sep-2017,141343,46 40.884900 N,061 53.639000 W,6.0,85.9,A,Depth,Depth,36.388889,D,S,46624.000000
Sat Sep 09 11:13:42 2017,09-Sep-2017,141344,46 40.885200 N,061 53.636600 W,6.0,85.5,A,Depth,Depth,36.388889,D,S,46624.000000
Sat Sep 09 11:13:42 2017,09-Sep-2017,141345,46 40.885300 N,061 53.634300 W,6.0,85.3,A,Depth,Depth,36.388889,D,S,46624.000000
Sat Sep 09 11:13:42 2017,09-Sep-2017,141346,46 40.885500 N,061 53.631900 W,6.0,85.2,A,Depth,Depth,36.388889,D,S,46624.000000
Sat Sep 09 11:13:42 2017,09-Sep-2017,141347,46 40.885700 N,061 53.629500 W,6.0,85.0,A,Depth,Depth,36.388889,D,S,46624.000000
Sat Sep 09 11:13:42 2017,09-Sep-2017,141348,46 40.885800 N,061 53.627100 W,6.0,84.9,A,Depth,Depth,36.388889,D,S,46624.000000
Sat Sep 09 11:13:42 2017,09-Sep-2017,141349,46 40.885900 N,061 53.624800 W,6.0,84.7,A,Depth,Depth,36.388889,D,S,46624.000000
Sat Sep 09 11:13:49 2017,09-Sep-2017,141350,46 40.886100 N,061 53.622500 W,6.0,84.6,A,Depth,Depth,31.296296,D,S,54008.000000
Sat Sep 09 11:13:49 2017,09-Sep-2017,141351,46 40.886300 N,061 53.620100 W,6.0,84.6,A,Depth,Depth,31.296296,D,S,54008.000000
Sat Sep 09 11:13:49 2017,09-Sep-2017,141352,46 40.886400 N,061 53.617700 W,6.0,84.8,A,Depth,Depth,31.296296,D,S,54008.000000
Sat Sep 09 11:13:49 2017,09-Sep-2017,141353,46 40.886300 N,061 53.615200 W,6.0,85.1,A,Depth,Depth,31.296296,D,S,54008.000000
Sat Sep 09 11:13:49 2017,09-Sep-2017,141354,46 40.886400 N,061 53.612800 W,6.0,85.3,A,Depth,Depth,31.296296,D,S,54008.000000
Sat Sep 09 11:13:49 2017,09-Sep-2017,141355,46 40.886600 N,061 53.610400 W,6.0,85.4,A,Depth,Depth,31.296296,D,S,54008.000000
Sat Sep 09 11:13:55 2017,09-Sep-2017,141356,46 40.886700 N,061 53.608000 W,6.0,85.3,A,DoorSpread,DoorMaster,6.480000,D,S,53507.000000
Sat Sep 09 11:13:56 2017,09-Sep-2017,141357,46 40.886900 N,061 53.605600 W,6.0,85.4,A,Depth,Depth,40.925926,D,S,35401.000000
Sat Sep 09 11:13:56 2017,09-Sep-2017,141358,46 40.887000 N,061 53.603200 W,6.0,85.7,A,Depth,Depth,40.925926,D,S,35401.000000
Sat Sep 09 11:13:56 2017,09-Sep-2017,141359,46 40.887100 N,061 53.600800 W,6.0,86.0,A,Depth,Depth,40.925926,D,S,35401.000000
Sat Sep 09 11:13:56 2017,09-Sep-2017,141400,46 40.887100 N,061 53.598400 W,6.0,86.4,A,Depth,Depth,40.925926,D,S,35401.000000
Sat Sep 09 11:13:56 2017,09-Sep-2017,141401,46 40.887200 N,061 53.596100 W,5.9,86.4,A,Depth,Depth,40.925926,D,S,35401.000000
Sat Sep 09 11:14:01 2017,09-Sep-2017,141402,46 40.887300 N,061 53.593900 W,5.8,86.4,A,DoorSpread,DoorMaster,6.315000,D,S,148050.000000
Sat Sep 09 11:14:01 2017,09-Sep-2017,141403,46 40.887400 N,061 53.591900 W,5.7,86.5,A,DoorSpread,DoorMaster,6.315000,D,S,148050.000000
Sat Sep 09 11:14:03 2017,09-Sep-2017,141404,46 40.887500 N,061 53.589900 W,5.6,86.7,A,Depth,Depth,32.870370,D,S,79995.000000
Sat Sep 09 11:14:03 2017,09-Sep-2017,141405,46 40.887500 N,061 53.588000 W,5.5,86.9,A,Depth,Depth,32.870370,D,S,79995.000000
Sat Sep 09 11:14:03 2017,09-Sep-2017,141406,46 40.887600 N,061 53.586200 W,5.3,87.0,A,Depth,Depth,32.870370,D,S,79995.000000
Sat Sep 09 11:14:07 2017,09-Sep-2017,141407,46 40.887700 N,061 53.584600 W,5.1,86.8,A,DoorSpread,DoorMaster,6.295000,D,S,117610.000000
Sat Sep 09 11:14:07 2017,09-Sep-2017,141408,46 40.887800 N,061 53.583000 W,4.9,86.6,A,DoorSpread,DoorMaster,6.295000,D,S,117610.000000
Sat Sep 09 11:14:08 2017,09-Sep-2017,141409,46 40.887900 N,061 53.581500 W,4.7,86.7,A,Primary,Headline,17.306122,D,S,46551.000000
Sat Sep 09 11:14:08 2017,09-Sep-2017,141410,46 40.888000 N,061 53.580100 W,4.6,86.9,A,Primary,Headline,17.306122,D,S,46551.000000
Sat Sep 09 11:14:10 2017,09-Sep-2017,141411,46 40.888000 N,061 53.578700 W,4.4,87.2,A,Depth,Depth,41.018519,D,S,57121.000000
Sat Sep 09 11:14:10 2017,09-Sep-2017,141412,46 40.888000 N,061 53.577400 W,4.2,87.4,A,Depth,Depth,41.018519,D,S,57121.000000
Sat Sep 09 11:14:12 2017,09-Sep-2017,141413,46 40.888000 N,061 53.576200 W,4.0,87.5,A,DoorSpread,DoorMaster,6.905000,D,S,94754.000000
Sat Sep 09 11:14:12 2017,09-Sep-2017,141414,46 40.888100 N,061 53.575100 W,3.8,87.3,A,DoorSpread,DoorMaster,6.905000,D,S,94754.000000
Sat Sep 09 11:14:12 2017,09-Sep-2017,141415,46 40.888200 N,061 53.573900 W,3.7,87.2,A,DoorSpread,DoorMaster,6.905000,D,S,94754.000000
Sat Sep 09 11:14:12 2017,09-Sep-2017,141416,46 40.888200 N,061 53.572900 W,3.5,87.3,A,DoorSpread,DoorMaster,6.905000,D,S,94754.000000
Sat Sep 09 11:14:12 2017,09-Sep-2017,141417,46 40.888200 N,061 53.571800 W,3.4,87.8,A,DoorSpread,DoorMaster,6.905000,D,S,94754.000000
Sat Sep 09 11:14:17 2017,09-Sep-2017,141418,46 40.888100 N,061 53.570800 W,3.3,88.2,A,Depth,Depth,57.407407,D,S,32874.000000
Sat Sep 09 11:14:18 2017,09-Sep-2017,141419,46 40.888100 N,061 53.569900 W,3.1,88.5,A,DoorSpread,DoorMaster,7.190000,D,S,84298.000000
Sat Sep 09 11:14:18 2017,09-Sep-2017,141420,46 40.888200 N,061 53.569000 W,3.0,88.4,A,DoorSpread,DoorMaster,7.190000,D,S,84298.000000
Sat Sep 09 11:14:18 2017,09-Sep-2017,141421,46 40.888200 N,061 53.568100 W,2.9,88.4,A,DoorSpread,DoorMaster,7.190000,D,S,84298.000000
Sat Sep 09 11:14:18 2017,09-Sep-2017,141422,46 40.888200 N,061 53.567200 W,2.8,88.6,A,DoorSpread,DoorMaster,7.190000,D,S,84298.000000
Sat Sep 09 11:14:18 2017,09-Sep-2017,141423,46 40.888200 N,061 53.566400 W,2.7,89.1,A,DoorSpread,DoorMaster,7.190000,D,S,84298.000000
Sat Sep 09 11:14:23 2017,09-Sep-2017,141424,46 40.888100 N,061 53.565700 W,2.5,89.8,A,DoorSpread,DoorMaster,7.005000,D,S,109117.000000
Sat Sep 09 11:14:23 2017,09-Sep-2017,141425,46 40.888100 N,061 53.565000 W,2.5,90.1,A,DoorSpread,DoorMaster,7.005000,D,S,109117.000000
Sat Sep 09 11:14:25 2017,09-Sep-2017,141426,46 40.888100 N,061 53.564200 W,2.4,90.4,A,Depth,Depth,28.888889,D,S,72151.000000
Sat Sep 09 11:14:25 2017,09-Sep-2017,141427,46 40.888100 N,061 53.563500 W,2.3,90.4,A,Depth,Depth,28.888889,D,S,72151.000000
Sat Sep 09 11:14:25 2017,09-Sep-2017,141428,46 40.888100 N,061 53.562800 W,2.2,90.4,A,Depth,Depth,28.888889,D,S,72151.000000
Sat Sep 09 11:14:25 2017,09-Sep-2017,141429,46 40.888100 N,061 53.562100 W,2.1,90.6,A,Depth,Depth,28.888889,D,S,72151.000000
Sat Sep 09 11:14:29 2017,09-Sep-2017,141430,46 40.887900 N,061 53.561400 W,2.1,91.2,A,DoorSpread,DoorMaster,6.920000,D,S,64038.000000
Sat Sep 09 11:14:29 2017,09-Sep-2017,141431,46 40.887900 N,061 53.560700 W,2.0,92.1,A,DoorSpread,DoorMaster,6.920000,D,S,64038.000000
Sat Sep 09 11:14:29 2017,09-Sep-2017,141432,46 40.887800 N,061 53.560100 W,2.0,92.9,A,DoorSpread,DoorMaster,6.920000,D,S,64038.000000
Sat Sep 09 11:14:32 2017,09-Sep-2017,141433,46 40.887700 N,061 53.559500 W,1.9,92.6,A,Depth,Depth,40.092593,D,S,57889.000000
Sat Sep 09 11:14:32 2017,09-Sep-2017,141434,46 40.887600 N,061 53.558800 W,1.9,92.0,A,Depth,Depth,40.092593,D,S,57889.000000
Sat Sep 09 11:14:32 2017,09-Sep-2017,141435,46 40.887500 N,061 53.558100 W,1.8,92.5,A,Depth,Depth,40.092593,D,S,57889.000000
Sat Sep 09 11:14:35 2017,09-Sep-2017,141436,46 40.887300 N,061 53.557400 W,1.8,93.6,A,DoorSpread,DoorMaster,6.520000,D,S,46972.000000
Sat Sep 09 11:14:35 2017,09-Sep-2017,141437,46 40.887200 N,061 53.556700 W,1.8,93.8,A,DoorSpread,DoorMaster,6.520000,D,S,46972.000000
Sat Sep 09 11:14:35 2017,09-Sep-2017,141438,46 40.887200 N,061 53.556000 W,1.8,93.4,A,DoorSpread,DoorMaster,6.520000,D,S,46972.000000
Sat Sep 09 11:14:35 2017,09-Sep-2017,141439,46 40.887100 N,061 53.555200 W,1.8,93.0,A,DoorSpread,DoorMaster,6.520000,D,S,46972.000000
Sat Sep 09 11:14:39 2017,09-Sep-2017,141440,46 40.887200 N,061 53.554500 W,1.8,92.5,A,Depth,Depth,47.314815,D,S,124842.000000
Sat Sep 09 11:14:40 2017,09-Sep-2017,141441,46 40.887200 N,061 53.553800 W,1.8,91.9,A,DoorSpread,DoorMaster,6.395000,D,S,90135.000000
Sat Sep 09 11:14:40 2017,09-Sep-2017,141442,46 40.887200 N,061 53.553000 W,1.8,91.9,A,DoorSpread,DoorMaster,6.395000,D,S,90135.000000
Sat Sep 09 11:14:40 2017,09-Sep-2017,141443,46 40.887100 N,061 53.552200 W,1.8,92.5,A,DoorSpread,DoorMaster,6.395000,D,S,90135.000000
Sat Sep 09 11:14:40 2017,09-Sep-2017,141444,46 40.887100 N,061 53.551400 W,1.9,92.9,A,DoorSpread,DoorMaster,6.395000,D,S,90135.000000
Sat Sep 09 11:14:40 2017,09-Sep-2017,141445,46 40.887100 N,061 53.550500 W,1.9,92.5,A,DoorSpread,DoorMaster,6.395000,D,S,90135.000000
Sat Sep 09 11:14:40 2017,09-Sep-2017,141446,46 40.887100 N,061 53.549700 W,1.9,91.6,A,DoorSpread,DoorMaster,6.395000,D,S,90135.000000
Sat Sep 09 11:14:46 2017,09-Sep-2017,141447,46 40.887100 N,061 53.548900 W,1.9,91.1,A,Depth,Depth,46.388889,D,S,76231.000000
Sat Sep 09 11:14:46 2017,09-Sep-2017,141448,46 40.887100 N,061 53.548100 W,1.9,91.4,A,Depth,Depth,46.388889,D,S,76231.000000
Sat Sep 09 11:14:46 2017,09-Sep-2017,141449,46 40.887000 N,061 53.547300 W,1.9,92.3,A,Depth,Depth,46.388889,D,S,76231.000000
Sat Sep 09 11:14:50 2017,09-Sep-2017,141450,46 40.887000 N,061 53.546500 W,1.9,92.6,A,Primary,Headline,9.877551,D,S,35330.000000
Sat Sep 09 11:14:50 2017,09-Sep-2017,141451,46 40.887000 N,061 53.545600 W,2.0,92.3,A,Primary,Headline,9.877551,D,S,35330.000000
Sat Sep 09 11:14:51 2017,09-Sep-2017,141452,46 40.887000 N,061 53.544700 W,2.0,91.5,A,DoorSpread,DoorMaster,6.165000,D,S,112970.000000
Sat Sep 09 11:14:51 2017,09-Sep-2017,141453,46 40.887000 N,061 53.544000 W,2.0,91.2,A,DoorSpread,DoorMaster,6.165000,D,S,112970.000000
Sat Sep 09 11:14:53 2017,09-Sep-2017,141454,46 40.886900 N,061 53.543200 W,2.0,91.7,A,Depth,Depth,55.648148,D,S,34568.000000
Sat Sep 09 11:14:53 2017,09-Sep-2017,141455,46 40.886800 N,061 53.542300 W,2.0,92.4,A,Depth,Depth,55.648148,D,S,34568.000000
Sat Sep 09 11:14:53 2017,09-Sep-2017,141456,46 40.886800 N,061 53.541400 W,2.0,92.7,A,Depth,Depth,55.648148,D,S,34568.000000
Sat Sep 09 11:14:53 2017,09-Sep-2017,141457,46 40.886800 N,061 53.540500 W,2.0,92.6,A,Depth,Depth,55.648148,D,S,34568.000000
Sat Sep 09 11:14:57 2017,09-Sep-2017,141458,46 40.886700 N,061 53.539700 W,2.0,92.2,A,DoorSpread,DoorMaster,6.490000,D,S,71777.000000
Sat Sep 09 11:14:57 2017,09-Sep-2017,141459,46 40.886700 N,061 53.538900 W,2.1,91.6,A,DoorSpread,DoorMaster,6.490000,D,S,71777.000000
Sat Sep 09 11:14:57 2017,09-Sep-2017,141500,46 40.886700 N,061 53.538000 W,2.1,91.6,A,DoorSpread,DoorMaster,6.490000,D,S,71777.000000
Sat Sep 09 11:15:01 2017,09-Sep-2017,141501,46 40.886700 N,061 53.537200 W,2.0,92.1,A,Depth,Depth,54.629630,D,S,57457.000000
Sat Sep 09 11:15:01 2017,09-Sep-2017,141502,46 40.886600 N,061 53.536400 W,2.0,92.6,A,Depth,Depth,54.629630,D,S,57457.000000
Sat Sep 09 11:15:02 2017,09-Sep-2017,141503,46 40.886600 N,061 53.535500 W,2.1,92.4,A,DoorSpread,DoorMaster,0.000000,E,S,155445.000000
Sat Sep 09 11:15:02 2017,09-Sep-2017,141504,46 40.886500 N,061 53.534600 W,2.1,92.0,A,DoorSpread,DoorMaster,0.000000,E,S,155445.000000
Sat Sep 09 11:15:02 2017,09-Sep-2017,141505,46 40.886500 N,061 53.533900 W,2.0,91.8,A,DoorSpread,DoorMaster,0.000000,E,S,155445.000000
Sat Sep 09 11:15:02 2017,09-Sep-2017,141506,46 40.886500 N,061 53.533100 W,2.0,91.5,A,DoorSpread,DoorMaster,0.000000,E,S,155445.000000
Sat Sep 09 11:15:02 2017,09-Sep-2017,141507,46 40.886600 N,061 53.532300 W,2.0,91.5,A,DoorSpread,DoorMaster,0.000000,E,S,155445.000000
Sat Sep 09 11:15:08 2017,09-Sep-2017,141508,46 40.886600 N,061 53.531500 W,2.0,91.9,A,DoorSpread,DoorMaster,7.165000,D,S,78027.000000
Sat Sep 09 11:15:08 2017,09-Sep-2017,141509,46 40.886600 N,061 53.530800 W,2.0,92.2,A,Depth,Depth,58.888889,D,S,78627.000000
Sat Sep 09 11:15:08 2017,09-Sep-2017,141510,46 40.886600 N,061 53.530000 W,2.0,92.0,A,Depth,Depth,58.888889,D,S,78627.000000
Sat Sep 09 11:15:08 2017,09-Sep-2017,141511,46 40.886600 N,061 53.529200 W,2.0,91.4,A,Depth,Depth,58.888889,D,S,78627.000000
Sat Sep 09 11:15:08 2017,09-Sep-2017,141512,46 40.886600 N,061 53.528300 W,2.0,91.1,A,Depth,Depth,58.888889,D,S,78627.000000
Sat Sep 09 11:15:08 2017,09-Sep-2017,141513,46 40.886500 N,061 53.527500 W,2.0,91.6,A,Depth,Depth,58.888889,D,S,78627.000000
Sat Sep 09 11:15:13 2017,09-Sep-2017,141514,46 40.886500 N,061 53.526700 W,2.0,92.3,A,DoorSpread,DoorMaster,8.160000,D,S,102403.000000
Sat Sep 09 11:15:13 2017,09-Sep-2017,141515,46 40.886400 N,061 53.525900 W,2.0,92.4,A,DoorSpread,DoorMaster,8.160000,D,S,102403.000000
Sat Sep 09 11:15:15 2017,09-Sep-2017,141516,46 40.886400 N,061 53.525000 W,2.0,91.8,A,Depth,Depth,52.037037,D,S,173018.000000
Sat Sep 09 11:15:15 2017,09-Sep-2017,141517,46 40.886400 N,061 53.524200 W,2.0,90.9,A,Depth,Depth,52.037037,D,S,173018.000000
Sat Sep 09 11:15:15 2017,09-Sep-2017,141518,46 40.886400 N,061 53.523500 W,2.0,90.4,A,Depth,Depth,52.037037,D,S,173018.000000
Sat Sep 09 11:15:15 2017,09-Sep-2017,141519,46 40.886400 N,061 53.522600 W,2.0,90.8,A,Depth,Depth,52.037037,D,S,173018.000000
Sat Sep 09 11:15:19 2017,09-Sep-2017,141520,46 40.886300 N,061 53.521600 W,2.0,91.5,A,DoorSpread,DoorMaster,7.665000,D,S,104263.000000
Sat Sep 09 11:15:20 2017,09-Sep-2017,141521,46 40.886200 N,061 53.520800 W,2.0,91.4,A,Primary,Headline,3.367347,D,S,96013.000000
Sat Sep 09 11:15:20 2017,09-Sep-2017,141522,46 40.886200 N,061 53.520000 W,2.0,91.0,A,Primary,Headline,3.367347,D,S,96013.000000
Sat Sep 09 11:15:22 2017,09-Sep-2017,141523,46 40.886200 N,061 53.519100 W,2.1,90.6,A,Depth,Depth,52.500000,D,S,143889.000000
Sat Sep 09 11:15:22 2017,09-Sep-2017,141524,46 40.886100 N,061 53.518200 W,2.1,90.9,A,Depth,Depth,52.500000,D,S,143889.000000
Sat Sep 09 11:15:22 2017,09-Sep-2017,141525,46 40.886000 N,061 53.517400 W,2.1,91.3,A,Depth,Depth,52.500000,D,S,143889.000000
Sat Sep 09 11:15:25 2017,09-Sep-2017,141526,46 40.886000 N,061 53.516500 W,2.1,91.1,A,Primary,Headline,3.836735,D,S,73931.000000
Sat Sep 09 11:15:25 2017,09-Sep-2017,141527,46 40.886000 N,061 53.515500 W,2.1,91.1,A,Primary,Headline,3.836735,D,S,73931.000000
Sat Sep 09 11:15:25 2017,09-Sep-2017,141528,46 40.886000 N,061 53.514600 W,2.1,91.6,A,Primary,Headline,3.836735,D,S,73931.000000
Sat Sep 09 11:15:25 2017,09-Sep-2017,141529,46 40.886000 N,061 53.513700 W,2.1,92.1,A,Primary,Headline,3.836735,D,S,73931.000000
Sat Sep 09 11:15:29 2017,09-Sep-2017,141530,46 40.886000 N,061 53.512800 W,2.1,91.6,A,Depth,Depth,55.925926,D,S,180640.000000
Sat Sep 09 11:15:31 2017,09-Sep-2017,141531,46 40.886100 N,061 53.511900 W,2.2,90.5,A,DoorSpread,DoorMaster,8.755000,D,S,105199.000000
Sat Sep 09 11:15:31 2017,09-Sep-2017,141532,46 40.886100 N,061 53.511000 W,2.2,89.9,A,DoorSpread,DoorMaster,8.755000,D,S,105199.000000
Sat Sep 09 11:15:31 2017,09-Sep-2017,141533,46 40.886100 N,061 53.510100 W,2.2,90.4,A,DoorSpread,DoorMaster,8.755000,D,S,105199.000000
Sat Sep 09 11:15:31 2017,09-Sep-2017,141534,46 40.886000 N,061 53.509100 W,2.2,91.6,A,DoorSpread,DoorMaster,8.755000,D,S,105199.000000
Sat Sep 09 11:15:31 2017,09-Sep-2017,141535,46 40.886000 N,061 53.508300 W,2.2,91.9,A,DoorSpread,DoorMaster,8.755000,D,S,105199.000000
Sat Sep 09 11:15:35 2017,09-Sep-2017,141536,46 40.886100 N,061 53.507400 W,2.2,90.7,A,Primary,Headline,4.673469,D,S,50633.000000
Sat Sep 09 11:15:37 2017,09-Sep-2017,141537,46 40.886200 N,061 53.506500 W,2.2,89.9,A,Depth,Depth,57.870370,D,S,130513.000000
Sat Sep 09 11:15:37 2017,09-Sep-2017,141538,46 40.886000 N,061 53.505600 W,2.2,90.6,A,Depth,Depth,57.870370,D,S,130513.000000
Sat Sep 09 11:15:37 2017,09-Sep-2017,141539,46 40.885900 N,061 53.504700 W,2.2,92.2,A,Depth,Depth,57.870370,D,S,130513.000000
Sat Sep 09 11:15:37 2017,09-Sep-2017,141540,46 40.885900 N,061 53.503800 W,2.2,92.5,A,Depth,Depth,57.870370,D,S,130513.000000
Sat Sep 09 11:15:37 2017,09-Sep-2017,141541,46 40.886000 N,061 53.502900 W,2.2,91.8,A,Depth,Depth,57.870370,D,S,130513.000000
Sat Sep 09 11:15:37 2017,09-Sep-2017,141542,46 40.886000 N,061 53.502000 W,2.2,91.0,A,Depth,Depth,57.870370,D,S,130513.000000
Sat Sep 09 11:15:37 2017,09-Sep-2017,141543,46 40.886000 N,061 53.501000 W,2.2,91.2,A,Depth,Depth,57.870370,D,S,130513.000000
Sat Sep 09 11:15:37 2017,09-Sep-2017,141544,46 40.886000 N,061 53.500100 W,2.2,91.9,A,Depth,Depth,57.870370,D,S,130513.000000
Sat Sep 09 11:15:44 2017,09-Sep-2017,141545,46 40.886000 N,061 53.499200 W,2.2,92.2,A,Depth,Depth,60.648148,D,S,78072.000000
Sat Sep 09 11:15:45 2017,09-Sep-2017,141546,46 40.885900 N,061 53.498400 W,2.2,92.4,A,Secondary,Headline,0.000000,E,S,50871.000000
Sat Sep 09 11:15:45 2017,09-Sep-2017,141547,46 40.885900 N,061 53.497600 W,2.2,92.3,A,Secondary,Headline,0.000000,E,S,50871.000000
Sat Sep 09 11:15:45 2017,09-Sep-2017,141548,46 40.886000 N,061 53.496600 W,2.2,92.0,A,Secondary,Headline,0.000000,E,S,50871.000000
Sat Sep 09 11:15:45 2017,09-Sep-2017,141549,46 40.886000 N,061 53.495700 W,2.2,91.7,A,Secondary,Headline,0.000000,E,S,50871.000000
Sat Sep 09 11:15:45 2017,09-Sep-2017,141550,46 40.885900 N,061 53.494800 W,2.2,91.9,A,Secondary,Headline,0.000000,E,S,50871.000000
Sat Sep 09 11:15:50 2017,09-Sep-2017,141551,46 40.885900 N,061 53.494000 W,2.1,92.4,A,Primary,Headline,3.040816,D,S,77313.000000
Sat Sep 09 11:15:51 2017,09-Sep-2017,141552,46 40.885900 N,061 53.493100 W,2.1,93.2,A,Depth,Depth,54.814815,D,S,105168.000000
Sat Sep 09 11:15:51 2017,09-Sep-2017,141553,46 40.885800 N,061 53.492400 W,2.1,93.9,A,Depth,Depth,54.814815,D,S,105168.000000
Sat Sep 09 11:15:51 2017,09-Sep-2017,141554,46 40.885700 N,061 53.491600 W,2.1,94.2,A,Depth,Depth,54.814815,D,S,105168.000000
Sat Sep 09 11:15:51 2017,09-Sep-2017,141555,46 40.885700 N,061 53.490800 W,2.0,94.5,A,Depth,Depth,54.814815,D,S,105168.000000
Sat Sep 09 11:15:55 2017,09-Sep-2017,141556,46 40.885600 N,061 53.490100 W,2.0,94.7,A,Primary,Headline,0.653061,D,S,56947.000000
Sat Sep 09 11:15:55 2017,09-Sep-2017,141557,46 40.885500 N,061 53.489500 W,2.0,95.1,A,Primary,Headline,0.653061,D,S,56947.000000
Sat Sep 09 11:15:55 2017,09-Sep-2017,141558,46 40.885300 N,061 53.488800 W,2.0,96.3,A,Primary,Headline,0.653061,D,S,56947.000000
Sat Sep 09 11:15:58 2017,09-Sep-2017,141559,46 40.885200 N,061 53.488100 W,2.0,97.2,A,Depth,Depth,57.222222,D,S,105041.000000
Sat Sep 09 11:15:59 2017,09-Sep-2017,141600,46 40.885100 N,061 53.487400 W,2.0,97.1,A,DoorSpread,DoorMaster,4.605000,D,S,66018.000000
Sat Sep 09 11:15:59 2017,09-Sep-2017,141601,46 40.885100 N,061 53.486700 W,2.0,96.3,A,DoorSpread,DoorMaster,4.605000,D,S,66018.000000
Sat Sep 09 11:15:59 2017,09-Sep-2017,141602,46 40.885000 N,061 53.485900 W,2.0,96.4,A,DoorSpread,DoorMaster,4.605000,D,S,66018.000000
Sat Sep 09 11:15:59 2017,09-Sep-2017,141603,46 40.884800 N,061 53.485100 W,2.0,97.6,A,DoorSpread,DoorMaster,4.605000,D,S,66018.000000
Sat Sep 09 11:15:59 2017,09-Sep-2017,141604,46 40.884700 N,061 53.484400 W,2.0,98.6,A,DoorSpread,DoorMaster,4.605000,D,S,66018.000000
Sat Sep 09 11:15:59 2017,09-Sep-2017,141605,46 40.884600 N,061 53.483500 W,2.0,98.4,A,DoorSpread,DoorMaster,4.605000,D,S,66018.000000
Sat Sep 09 11:16:05 2017,09-Sep-2017,141606,46 40.884600 N,061 53.482700 W,2.1,97.5,A,Depth,Depth,57.500000,D,S,159977.000000
Sat Sep 09 11:16:05 2017,09-Sep-2017,141607,46 40.884500 N,061 53.481800 W,2.1,96.9,A,Depth,Depth,57.500000,D,S,159977.000000
Sat Sep 09 11:16:05 2017,09-Sep-2017,141608,46 40.884400 N,061 53.480900 W,2.1,96.9,A,Depth,Depth,57.500000,D,S,159977.000000
Sat Sep 09 11:16:05 2017,09-Sep-2017,141609,46 40.884300 N,061 53.480000 W,2.2,97.1,A,Depth,Depth,57.500000,D,S,159977.000000
Sat Sep 09 11:16:05 2017,09-Sep-2017,141610,46 40.884200 N,061 53.479000 W,2.2,97.8,A,Depth,Depth,57.500000,D,S,159977.000000
Sat Sep 09 11:16:10 2017,09-Sep-2017,141611,46 40.884100 N,061 53.478200 W,2.2,97.6,A,DoorSpread,DoorMaster,0.000000,E,S,87679.000000
Sat Sep 09 11:16:10 2017,09-Sep-2017,141612,46 40.884100 N,061 53.477400 W,2.2,96.7,A,DoorSpread,DoorMaster,0.000000,E,S,87679.000000
Sat Sep 09 11:16:10 2017,09-Sep-2017,141613,46 40.884000 N,061 53.476500 W,2.2,95.8,A,DoorSpread,DoorMaster,0.000000,E,S,87679.000000
Sat Sep 09 11:16:13 2017,09-Sep-2017,141614,46 40.883900 N,061 53.475800 W,2.1,96.0,A,Depth,Depth,57.777778,D,S,127692.000000
Sat Sep 09 11:16:13 2017,09-Sep-2017,141615,46 40.883800 N,061 53.475000 W,2.1,96.9,A,Depth,Depth,57.777778,D,S,127692.000000
Sat Sep 09 11:16:15 2017,09-Sep-2017,141616,46 40.883700 N,061 53.474400 W,2.1,97.8,A,Primary,Headline,1.632653,D,S,117503.000000
Sat Sep 09 11:16:15 2017,09-Sep-2017,141617,46 40.883600 N,061 53.473800 W,2.0,97.3,A,Primary,Headline,1.632653,D,S,117503.000000
Sat Sep 09 11:16:15 2017,09-Sep-2017,141618,46 40.883600 N,061 53.473200 W,2.0,96.1,A,Primary,Headline,1.632653,D,S,117503.000000
Sat Sep 09 11:16:15 2017,09-Sep-2017,141619,46 40.883600 N,061 53.472400 W,1.9,95.5,A,Primary,Headline,1.632653,D,S,117503.000000
Sat Sep 09 11:16:15 2017,09-Sep-2017,141620,46 40.883500 N,061 53.471600 W,1.9,96.5,A,Primary,Headline,1.632653,D,S,117503.000000
Sat Sep 09 11:16:21 2017,09-Sep-2017,141621,46 40.883400 N,061 53.471000 W,1.9,97.8,A,DoorSpread,DoorMaster,6.685000,D,S,50723.000000
Sat Sep 09 11:16:21 2017,09-Sep-2017,141622,46 40.883400 N,061 53.470300 W,1.8,97.7,A,DoorSpread,DoorMaster,6.685000,D,S,50723.000000
Sat Sep 09 11:16:21 2017,09-Sep-2017,141623,46 40.883400 N,061 53.469600 W,1.8,96.3,A,DoorSpread,DoorMaster,6.685000,D,S,50723.000000
Sat Sep 09 11:16:21 2017,09-Sep-2017,141624,46 40.883300 N,061 53.468800 W,1.9,95.6,A,DoorSpread,DoorMaster,6.685000,D,S,50723.000000
Sat Sep 09 11:16:21 2017,09-Sep-2017,141625,46 40.883200 N,061 53.468000 W,1.9,96.0,A,DoorSpread,DoorMaster,6.685000,D,S,50723.000000
Sat Sep 09 11:16:25 2017,09-Sep-2017,141626,46 40.883200 N,061 53.467100 W,1.9,96.8,A,Primary,Headline,3.122449,D,S,70025.000000
Sat Sep 09 11:16:26 2017,09-Sep-2017,141627,46 40.883100 N,061 53.466000 W,2.0,97.2,A,DoorSpread,DoorMaster,6.990000,D,S,34200.000000
Sat Sep 09 11:16:27 2017,09-Sep-2017,141628,46 40.883000 N,061 53.465000 W,2.1,97.3,A,Depth,Depth,60.925926,D,S,53738.000000
Sat Sep 09 11:16:27 2017,09-Sep-2017,141629,46 40.882900 N,061 53.464000 W,2.2,96.9,A,Depth,Depth,60.925926,D,S,53738.000000
Sat Sep 09 11:16:27 2017,09-Sep-2017,141630,46 40.882900 N,061 53.463000 W,2.2,96.0,A,Depth,Depth,60.925926,D,S,53738.000000
Sat Sep 09 11:16:30 2017,09-Sep-2017,141631,46 40.882800 N,061 53.461900 W,2.3,95.2,A,Primary,Headline,1.653061,D,S,37669.000000
Sat Sep 09 11:16:30 2017,09-Sep-2017,141632,46 40.882700 N,061 53.460900 W,2.4,95.2,A,Primary,Headline,1.653061,D,S,37669.000000
Sat Sep 09 11:16:32 2017,09-Sep-2017,141633,46 40.882700 N,061 53.459800 W,2.4,95.9,A,DoorSpread,DoorMaster,5.060000,D,S,77579.000000
Sat Sep 09 11:16:32 2017,09-Sep-2017,141634,46 40.882600 N,061 53.458800 W,2.4,96.2,A,DoorSpread,DoorMaster,5.060000,D,S,77579.000000
Sat Sep 09 11:16:34 2017,09-Sep-2017,141635,46 40.882600 N,061 53.457800 W,2.4,95.3,A,Depth,Depth,59.537037,D,S,80108.000000
Sat Sep 09 11:16:35 2017,09-Sep-2017,141636,46 40.882600 N,061 53.456800 W,2.4,94.2,A,Primary,Headline,1.918367,D,S,52481.000000
Sat Sep 09 11:16:35 2017,09-Sep-2017,141637,46 40.882600 N,061 53.455800 W,2.4,94.0,A,Primary,Headline,1.918367,D,S,52481.000000
Sat Sep 09 11:16:37 2017,09-Sep-2017,141638,46 40.882500 N,061 53.454900 W,2.4,94.6,A,DoorSpread,DoorMaster,6.965000,D,S,52610.000000
Sat Sep 09 11:16:37 2017,09-Sep-2017,141639,46 40.882400 N,061 53.453900 W,2.4,95.0,A,DoorSpread,DoorMaster,6.965000,D,S,52610.000000
Sat Sep 09 11:16:37 2017,09-Sep-2017,141640,46 40.882400 N,061 53.453000 W,2.4,94.8,A,DoorSpread,DoorMaster,6.965000,D,S,52610.000000
Sat Sep 09 11:16:37 2017,09-Sep-2017,141641,46 40.882400 N,061 53.452000 W,2.3,94.1,A,DoorSpread,DoorMaster,6.965000,D,S,52610.000000
Sat Sep 09 11:16:41 2017,09-Sep-2017,141642,46 40.882400 N,061 53.451200 W,2.3,93.4,A,Depth,Depth,53.055556,D,S,68801.000000
Sat Sep 09 11:16:41 2017,09-Sep-2017,141643,46 40.882400 N,061 53.450300 W,2.3,93.1,A,Depth,Depth,53.055556,D,S,68801.000000
Sat Sep 09 11:16:43 2017,09-Sep-2017,141644,46 40.882400 N,061 53.449300 W,2.3,93.1,A,DoorSpread,DoorMaster,6.200000,D,S,35873.000000
Sat Sep 09 11:16:43 2017,09-Sep-2017,141645,46 40.882300 N,061 53.448400 W,2.3,93.3,A,DoorSpread,DoorMaster,6.200000,D,S,35873.000000
Sat Sep 09 11:16:43 2017,09-Sep-2017,141646,46 40.882300 N,061 53.447500 W,2.3,93.2,A,DoorSpread,DoorMaster,6.200000,D,S,35873.000000
Sat Sep 09 11:16:43 2017,09-Sep-2017,141647,46 40.882300 N,061 53.446600 W,2.2,92.8,A,DoorSpread,DoorMaster,6.200000,D,S,35873.000000
Sat Sep 09 11:16:43 2017,09-Sep-2017,141648,46 40.882300 N,061 53.445700 W,2.2,92.4,A,DoorSpread,DoorMaster,6.200000,D,S,35873.000000
Sat Sep 09 11:16:49 2017,09-Sep-2017,141649,46 40.882200 N,061 53.444800 W,2.2,92.0,A,DoorSpread,DoorMaster,8.025000,D,S,41108.000000
Sat Sep 09 11:16:49 2017,09-Sep-2017,141650,46 40.882200 N,061 53.443900 W,2.2,91.8,A,Depth,Depth,69.537037,D,S,60498.000000
Sat Sep 09 11:16:49 2017,09-Sep-2017,141651,46 40.882200 N,061 53.442900 W,2.2,91.9,A,Depth,Depth,69.537037,D,S,60498.000000
Sat Sep 09 11:16:49 2017,09-Sep-2017,141652,46 40.882100 N,061 53.441900 W,2.3,91.7,A,Depth,Depth,69.537037,D,S,60498.000000
Sat Sep 09 11:16:49 2017,09-Sep-2017,141653,46 40.882200 N,061 53.441100 W,2.3,91.0,A,Depth,Depth,69.537037,D,S,60498.000000
Sat Sep 09 11:16:49 2017,09-Sep-2017,141654,46 40.882200 N,061 53.440100 W,2.3,90.4,A,Depth,Depth,69.537037,D,S,60498.000000
Sat Sep 09 11:16:54 2017,09-Sep-2017,141655,46 40.882300 N,061 53.439300 W,2.3,90.3,A,DoorSpread,DoorMaster,8.380000,D,S,100802.000000
Sat Sep 09 11:16:55 2017,09-Sep-2017,141656,46 40.882200 N,061 53.438300 W,2.3,90.3,A,Primary,Headline,1.408163,D,S,52710.000000
Sat Sep 09 11:16:56 2017,09-Sep-2017,141657,46 40.882200 N,061 53.437400 W,2.3,90.2,A,Depth,Depth,44.722222,D,S,53262.000000
Sat Sep 09 11:16:56 2017,09-Sep-2017,141658,46 40.882200 N,061 53.436600 W,2.3,90.4,A,Depth,Depth,44.722222,D,S,53262.000000
Sat Sep 09 11:16:56 2017,09-Sep-2017,141659,46 40.882100 N,061 53.435700 W,2.2,90.4,A,Depth,Depth,44.722222,D,S,53262.000000
Sat Sep 09 11:16:56 2017,09-Sep-2017,141700,46 40.882000 N,061 53.434900 W,2.2,90.1,A,Depth,Depth,44.722222,D,S,53262.000000
Sat Sep 09 11:17:00 2017,09-Sep-2017,141701,46 40.881900 N,061 53.434000 W,2.2,90.1,A,DoorSpread,DoorMaster,9.620000,D,S,42385.000000
Sat Sep 09 11:17:00 2017,09-Sep-2017,141702,46 40.881800 N,061 53.433200 W,2.2,91.2,A,DoorSpread,DoorMaster,9.620000,D,S,42385.000000
Sat Sep 09 11:17:00 2017,09-Sep-2017,141703,46 40.881700 N,061 53.432400 W,2.1,92.1,A,DoorSpread,DoorMaster,9.620000,D,S,42385.000000
Sat Sep 09 11:17:03 2017,09-Sep-2017,141704,46 40.881600 N,061 53.431600 W,2.1,91.7,A,Depth,Depth,56.666667,D,S,109366.000000
Sat Sep 09 11:17:03 2017,09-Sep-2017,141705,46 40.881600 N,061 53.430800 W,2.1,90.8,A,Depth,Depth,56.666667,D,S,109366.000000
Sat Sep 09 11:17:03 2017,09-Sep-2017,141706,46 40.881500 N,061 53.430000 W,2.1,90.7,A,Depth,Depth,56.666667,D,S,109366.000000
Sat Sep 09 11:17:06 2017,09-Sep-2017,141707,46 40.881400 N,061 53.429100 W,2.1,91.5,A,DoorSpread,DoorMaster,8.735000,D,S,77162.000000
Sat Sep 09 11:17:06 2017,09-Sep-2017,141708,46 40.881400 N,061 53.428300 W,2.1,92.4,A,DoorSpread,DoorMaster,8.735000,D,S,77162.000000
Sat Sep 09 11:17:06 2017,09-Sep-2017,141709,46 40.881400 N,061 53.427300 W,2.2,92.9,A,DoorSpread,DoorMaster,8.735000,D,S,77162.000000
Sat Sep 09 11:17:06 2017,09-Sep-2017,141710,46 40.881300 N,061 53.426500 W,2.2,92.8,A,DoorSpread,DoorMaster,8.735000,D,S,77162.000000
Sat Sep 09 11:17:10 2017,09-Sep-2017,141711,46 40.881300 N,061 53.425600 W,2.2,92.1,A,Depth,Depth,55.925926,D,S,109289.000000
Sat Sep 09 11:17:10 2017,09-Sep-2017,141712,46 40.881400 N,061 53.424700 W,2.2,91.4,A,Depth,Depth,55.925926,D,S,109289.000000
Sat Sep 09 11:17:12 2017,09-Sep-2017,141713,46 40.881300 N,061 53.423700 W,2.2,91.6,A,DoorSpread,DoorMaster,9.850000,D,S,78653.000000
Sat Sep 09 11:17:12 2017,09-Sep-2017,141714,46 40.881300 N,061 53.422600 W,2.2,92.8,A,DoorSpread,DoorMaster,9.850000,D,S,78653.000000
Sat Sep 09 11:17:12 2017,09-Sep-2017,141715,46 40.881300 N,061 53.421700 W,2.2,93.7,A,DoorSpread,DoorMaster,9.850000,D,S,78653.000000
Sat Sep 09 11:17:12 2017,09-Sep-2017,141716,46 40.881200 N,061 53.420800 W,2.2,92.8,A,DoorSpread,DoorMaster,9.850000,D,S,78653.000000
Sat Sep 09 11:17:12 2017,09-Sep-2017,141717,46 40.881300 N,061 53.420000 W,2.2,91.2,A,DoorSpread,DoorMaster,9.850000,D,S,78653.000000
Sat Sep 09 11:17:17 2017,09-Sep-2017,141718,46 40.881400 N,061 53.419000 W,2.2,90.7,A,Depth,Depth,57.777778,D,S,114490.000000
Sat Sep 09 11:17:18 2017,09-Sep-2017,141719,46 40.881300 N,061 53.418100 W,2.2,92.0,A,DoorSpread,DoorMaster,10.545000,D,S,72990.000000
Sat Sep 09 11:17:18 2017,09-Sep-2017,141720,46 40.881200 N,061 53.417200 W,2.2,93.5,A,DoorSpread,DoorMaster,10.545000,D,S,72990.000000
Sat Sep 09 11:17:20 2017,09-Sep-2017,141721,46 40.881200 N,061 53.416400 W,2.2,93.6,A,Primary,Headline,1.632653,D,S,53275.000000
Sat Sep 09 11:17:20 2017,09-Sep-2017,141722,46 40.881300 N,061 53.415600 W,2.2,92.5,A,Primary,Headline,1.632653,D,S,53275.000000
Sat Sep 09 11:17:20 2017,09-Sep-2017,141723,46 40.881400 N,061 53.414700 W,2.1,91.9,A,Primary,Headline,1.632653,D,S,53275.000000
Sat Sep 09 11:17:24 2017,09-Sep-2017,141724,46 40.881400 N,061 53.413800 W,2.1,92.3,A,DoorSpread,DoorMaster,9.655000,D,S,95278.000000
Sat Sep 09 11:17:24 2017,09-Sep-2017,141725,46 40.881300 N,061 53.412900 W,2.1,93.3,A,DoorSpread,DoorMaster,9.655000,D,S,95278.000000
Sat Sep 09 11:17:25 2017,09-Sep-2017,141726,46 40.881300 N,061 53.412000 W,2.1,94.3,A,Depth,Depth,58.240741,D,S,116474.000000
Sat Sep 09 11:17:26 2017,09-Sep-2017,141727,46 40.881300 N,061 53.411200 W,2.1,94.4,A,Primary,Headline,2.469388,D,S,70091.000000
Sat Sep 09 11:17:26 2017,09-Sep-2017,141728,46 40.881300 N,061 53.410300 W,2.1,93.6,A,Primary,Headline,2.469388,D,S,70091.000000
Sat Sep 09 11:17:26 2017,09-Sep-2017,141729,46 40.881300 N,061 53.409400 W,2.1,92.7,A,Primary,Headline,2.469388,D,S,70091.000000
Sat Sep 09 11:17:29 2017,09-Sep-2017,141730,46 40.881300 N,061 53.408600 W,2.2,92.7,A,DoorSpread,DoorMaster,11.345000,D,S,100321.000000
Sat Sep 09 11:17:31 2017,09-Sep-2017,141731,46 40.881300 N,061 53.407700 W,2.2,93.3,A,Primary,Headline,0.163265,D,S,48637.000000
Sat Sep 09 11:17:31 2017,09-Sep-2017,141732,46 40.881200 N,061 53.406700 W,2.2,93.7,A,Primary,Headline,0.163265,D,S,48637.000000
Sat Sep 09 11:17:32 2017,09-Sep-2017,141733,46 40.881200 N,061 53.405800 W,2.2,93.3,A,Depth,Depth,58.055556,D,S,76169.000000
Sat Sep 09 11:17:32 2017,09-Sep-2017,141734,46 40.881300 N,061 53.404800 W,2.2,92.7,A,Depth,Depth,58.055556,D,S,76169.000000
Sat Sep 09 11:17:32 2017,09-Sep-2017,141735,46 40.881300 N,061 53.403800 W,2.3,92.1,A,Depth,Depth,58.055556,D,S,76169.000000
Sat Sep 09 11:17:35 2017,09-Sep-2017,141736,46 40.881300 N,061 53.402900 W,2.3,91.8,A,DoorSpread,DoorMaster,9.385000,D,S,73728.000000
Sat Sep 09 11:17:36 2017,09-Sep-2017,141737,46 40.881300 N,061 53.402000 W,2.3,92.1,A,Primary,Headline,3.163265,D,S,32041.000000
Sat Sep 09 11:17:36 2017,09-Sep-2017,141738,46 40.881200 N,061 53.401100 W,2.3,92.6,A,Primary,Headline,3.163265,D,S,32041.000000
Sat Sep 09 11:17:36 2017,09-Sep-2017,141739,46 40.881200 N,061 53.400300 W,2.3,92.5,A,Primary,Headline,3.163265,D,S,32041.000000
Sat Sep 09 11:17:39 2017,09-Sep-2017,141740,46 40.881200 N,061 53.399500 W,2.3,92.0,A,Depth,Depth,58.796296,D,S,61610.000000
Sat Sep 09 11:17:39 2017,09-Sep-2017,141741,46 40.881200 N,061 53.398700 W,2.2,91.9,A,Depth,Depth,58.796296,D,S,61610.000000
Sat Sep 09 11:17:41 2017,09-Sep-2017,141742,46 40.881200 N,061 53.397900 W,2.2,92.2,A,DoorSpread,DoorMaster,7.965000,D,S,64453.000000
Sat Sep 09 11:17:41 2017,09-Sep-2017,141743,46 40.881200 N,061 53.397100 W,2.2,92.6,A,DoorSpread,DoorMaster,7.965000,D,S,64453.000000
Sat Sep 09 11:17:41 2017,09-Sep-2017,141744,46 40.881100 N,061 53.396300 W,2.1,92.9,A,DoorSpread,DoorMaster,7.965000,D,S,64453.000000
Sat Sep 09 11:17:41 2017,09-Sep-2017,141745,46 40.881000 N,061 53.395500 W,2.1,93.0,A,DoorSpread,DoorMaster,7.965000,D,S,64453.000000
Sat Sep 09 11:17:41 2017,09-Sep-2017,141746,46 40.881000 N,061 53.394700 W,2.1,92.4,A,DoorSpread,DoorMaster,7.965000,D,S,64453.000000
Sat Sep 09 11:17:46 2017,09-Sep-2017,141747,46 40.881000 N,061 53.393900 W,2.1,91.8,A,Depth,Depth,66.111111,D,S,91554.000000
Sat Sep 09 11:17:47 2017,09-Sep-2017,141748,46 40.881000 N,061 53.393000 W,2.1,92.0,A,DoorSpread,DoorMaster,11.320000,D,S,107755.000000
Sat Sep 09 11:17:47 2017,09-Sep-2017,141749,46 40.881000 N,061 53.392000 W,2.1,92.6,A,DoorSpread,DoorMaster,11.320000,D,S,107755.000000
Sat Sep 09 11:17:47 2017,09-Sep-2017,141750,46 40.881000 N,061 53.391200 W,2.1,92.8,A,DoorSpread,DoorMaster,11.320000,D,S,107755.000000
Sat Sep 09 11:17:47 2017,09-Sep-2017,141751,46 40.881000 N,061 53.390300 W,2.1,91.9,A,DoorSpread,DoorMaster,11.320000,D,S,107755.000000
Sat Sep 09 11:17:51 2017,09-Sep-2017,141752,46 40.881100 N,061 53.389400 W,2.2,90.7,A,Primary,Headline,0.918367,D,S,92160.000000
Sat Sep 09 11:17:51 2017,09-Sep-2017,141753,46 40.881100 N,061 53.388400 W,2.2,90.3,A,Primary,Headline,0.918367,D,S,92160.000000
Sat Sep 09 11:17:53 2017,09-Sep-2017,141754,46 40.881100 N,061 53.387400 W,2.2,90.8,A,DoorSpread,DoorMaster,11.165000,D,S,201234.000000
Sat Sep 09 11:17:54 2017,09-Sep-2017,141755,46 40.881000 N,061 53.386200 W,2.3,91.5,A,Depth,Depth,55.092593,D,S,70212.000000
Sat Sep 09 11:17:54 2017,09-Sep-2017,141756,46 40.880900 N,061 53.385200 W,2.3,91.6,A,Depth,Depth,55.092593,D,S,70212.000000
Sat Sep 09 11:17:56 2017,09-Sep-2017,141757,46 40.880900 N,061 53.384300 W,2.2,91.3,A,Primary,Headline,0.510204,D,S,85023.000000
Sat Sep 09 11:17:56 2017,09-Sep-2017,141758,46 40.880800 N,061 53.383400 W,2.2,91.2,A,Primary,Headline,0.510204,D,S,85023.000000
Sat Sep 09 11:17:56 2017,09-Sep-2017,141759,46 40.880700 N,061 53.382500 W,2.2,91.8,A,Primary,Headline,0.510204,D,S,85023.000000
Sat Sep 09 11:17:59 2017,09-Sep-2017,141800,46 40.880500 N,061 53.381700 W,2.2,92.7,A,DoorSpread,DoorMaster,10.350000,D,S,108581.000000
Sat Sep 09 11:17:59 2017,09-Sep-2017,141801,46 40.880400 N,061 53.380800 W,2.1,93.1,A,DoorSpread,DoorMaster,10.350000,D,S,108581.000000
Sat Sep 09 11:18:01 2017,09-Sep-2017,141802,46 40.880300 N,061 53.380000 W,2.1,93.1,A,Depth,Depth,52.592593,D,S,82876.000000
Sat Sep 09 11:18:01 2017,09-Sep-2017,141803,46 40.880200 N,061 53.379200 W,2.1,92.4,A,Depth,Depth,52.592593,D,S,82876.000000
Sat Sep 09 11:18:01 2017,09-Sep-2017,141804,46 40.880200 N,061 53.378400 W,2.0,92.0,A,Depth,Depth,52.592593,D,S,82876.000000
Sat Sep 09 11:18:01 2017,09-Sep-2017,141805,46 40.880100 N,061 53.377700 W,2.0,92.6,A,Depth,Depth,52.592593,D,S,82876.000000
Sat Sep 09 11:18:05 2017,09-Sep-2017,141806,46 40.879900 N,061 53.376900 W,2.0,93.3,A,DoorSpread,DoorMaster,11.955000,D,S,55409.000000
Sat Sep 09 11:18:06 2017,09-Sep-2017,141807,46 40.879800 N,061 53.376000 W,2.0,93.5,A,Primary,Headline,2.571429,D,S,50999.000000
Sat Sep 09 11:18:06 2017,09-Sep-2017,141808,46 40.879800 N,061 53.375200 W,2.0,93.0,A,Primary,Headline,2.571429,D,S,50999.000000
Sat Sep 09 11:18:08 2017,09-Sep-2017,141809,46 40.879800 N,061 53.374300 W,2.0,92.3,A,Depth,Depth,70.555556,D,S,51838.000000
Sat Sep 09 11:18:08 2017,09-Sep-2017,141810,46 40.879800 N,061 53.373400 W,2.0,92.1,A,Depth,Depth,70.555556,D,S,51838.000000
Sat Sep 09 11:18:08 2017,09-Sep-2017,141811,46 40.879600 N,061 53.372600 W,2.1,92.8,A,Depth,Depth,70.555556,D,S,51838.000000
Sat Sep 09 11:18:11 2017,09-Sep-2017,141812,46 40.879500 N,061 53.371700 W,2.1,93.9,A,Primary,Headline,1.428571,D,S,108878.000000
Sat Sep 09 11:18:11 2017,09-Sep-2017,141813,46 40.879400 N,061 53.370700 W,2.1,94.2,A,Primary,Headline,1.428571,D,S,108878.000000
Sat Sep 09 11:18:11 2017,09-Sep-2017,141814,46 40.879300 N,061 53.369900 W,2.1,93.9,A,Primary,Headline,1.428571,D,S,108878.000000
Sat Sep 09 11:18:11 2017,09-Sep-2017,141815,46 40.879300 N,061 53.368900 W,2.1,93.5,A,Primary,Headline,1.428571,D,S,108878.000000
Sat Sep 09 11:18:15 2017,09-Sep-2017,141816,46 40.879300 N,061 53.368100 W,2.1,93.1,A,Depth,Depth,49.351852,D,S,90605.000000
Sat Sep 09 11:18:16 2017,09-Sep-2017,141817,46 40.879200 N,061 53.367300 W,2.1,93.6,A,Primary,Headline,0.000000,D,S,129867.000000
Sat Sep 09 11:18:16 2017,09-Sep-2017,141818,46 40.879100 N,061 53.366500 W,2.1,94.4,A,Primary,Headline,0.000000,D,S,129867.000000
Sat Sep 09 11:18:16 2017,09-Sep-2017,141819,46 40.879100 N,061 53.365700 W,2.0,94.9,A,Primary,Headline,0.000000,D,S,129867.000000
Sat Sep 09 11:18:16 2017,09-Sep-2017,141820,46 40.879000 N,061 53.364900 W,2.0,94.9,A,Primary,Headline,0.000000,D,S,129867.000000
Sat Sep 09 11:18:16 2017,09-Sep-2017,141821,46 40.879000 N,061 53.364100 W,2.0,94.5,A,Primary,Headline,0.000000,D,S,129867.000000
Sat Sep 09 11:18:21 2017,09-Sep-2017,141822,46 40.879000 N,061 53.363500 W,1.9,94.0,A,Primary,Headline,3.285714,D,S,78601.000000
Sat Sep 09 11:18:22 2017,09-Sep-2017,141823,46 40.878900 N,061 53.362700 W,1.9,94.5,A,Depth,Depth,51.759259,D,S,81146.000000
Sat Sep 09 11:18:22 2017,09-Sep-2017,141824,46 40.878800 N,061 53.361800 W,1.9,95.8,A,Depth,Depth,51.759259,D,S,81146.000000
Sat Sep 09 11:18:22 2017,09-Sep-2017,141825,46 40.878600 N,061 53.361200 W,1.9,96.4,A,Depth,Depth,51.759259,D,S,81146.000000
Sat Sep 09 11:18:22 2017,09-Sep-2017,141826,46 40.878600 N,061 53.360300 W,1.9,95.6,A,Depth,Depth,51.759259,D,S,81146.000000
Sat Sep 09 11:18:26 2017,09-Sep-2017,141827,46 40.878700 N,061 53.359400 W,2.0,94.4,A,Primary,Headline,0.673469,D,S,45355.000000
Sat Sep 09 11:18:28 2017,09-Sep-2017,141828,46 40.878600 N,061 53.358500 W,2.0,94.2,A,DoorSpread,DoorMaster,10.655000,D,S,101791.000000
Sat Sep 09 11:18:28 2017,09-Sep-2017,141829,46 40.878500 N,061 53.357600 W,2.0,95.0,A,DoorSpread,DoorMaster,10.655000,D,S,101791.000000
Sat Sep 09 11:18:28 2017,09-Sep-2017,141830,46 40.878400 N,061 53.356700 W,2.1,95.9,A,DoorSpread,DoorMaster,10.655000,D,S,101791.000000
Sat Sep 09 11:18:30 2017,09-Sep-2017,141831,46 40.878400 N,061 53.355800 W,2.1,95.7,A,Depth,Depth,66.759259,D,S,109629.000000
Sat Sep 09 11:18:31 2017,09-Sep-2017,141832,46 40.878400 N,061 53.354800 W,2.2,94.7,A,Primary,Headline,2.959184,D,S,56552.000000
Sat Sep 09 11:18:31 2017,09-Sep-2017,141833,46 40.878300 N,061 53.354000 W,2.1,94.4,A,Primary,Headline,2.959184,D,S,56552.000000
Sat Sep 09 11:18:33 2017,09-Sep-2017,141834,46 40.878300 N,061 53.353200 W,2.2,94.8,A,DoorSpread,DoorMaster,10.170000,D,S,173885.000000
Sat Sep 09 11:18:33 2017,09-Sep-2017,141835,46 40.878200 N,061 53.352300 W,2.1,95.6,A,DoorSpread,DoorMaster,10.170000,D,S,173885.000000
Sat Sep 09 11:18:33 2017,09-Sep-2017,141836,46 40.878100 N,061 53.351400 W,2.1,95.8,A,DoorSpread,DoorMaster,10.170000,D,S,173885.000000
Sat Sep 09 11:18:36 2017,09-Sep-2017,141837,46 40.878100 N,061 53.350600 W,2.1,95.4,A,Primary,Headline,2.489796,D,S,48678.000000
Sat Sep 09 11:18:37 2017,09-Sep-2017,141838,46 40.878000 N,061 53.349800 W,2.1,94.7,A,Depth,Depth,50.277778,D,S,78388.000000
Sat Sep 09 11:18:37 2017,09-Sep-2017,141839,46 40.878000 N,061 53.349100 W,2.1,94.7,A,Depth,Depth,50.277778,D,S,78388.000000
Sat Sep 09 11:18:39 2017,09-Sep-2017,141840,46 40.877800 N,061 53.348300 W,2.1,95.5,A,DoorSpread,DoorMaster,10.405000,D,S,70308.000000
Sat Sep 09 11:18:39 2017,09-Sep-2017,141841,46 40.877700 N,061 53.347400 W,2.1,96.1,A,DoorSpread,DoorMaster,10.405000,D,S,70308.000000
Sat Sep 09 11:18:41 2017,09-Sep-2017,141842,46 40.877700 N,061 53.346500 W,2.2,95.8,A,Secondary,Headline,0.000000,E,S,130525.000000
Sat Sep 09 11:18:41 2017,09-Sep-2017,141843,46 40.877600 N,061 53.345600 W,2.2,95.3,A,Secondary,Headline,0.000000,E,S,130525.000000
Sat Sep 09 11:18:41 2017,09-Sep-2017,141844,46 40.877600 N,061 53.344800 W,2.1,95.1,A,Secondary,Headline,0.000000,E,S,130525.000000
Sat Sep 09 11:18:44 2017,09-Sep-2017,141845,46 40.877600 N,061 53.343900 W,2.2,95.2,A,Depth,Depth,60.462963,D,S,42114.000000
Sat Sep 09 11:18:44 2017,09-Sep-2017,141846,46 40.877500 N,061 53.343000 W,2.2,95.4,A,Depth,Depth,60.462963,D,S,42114.000000
Sat Sep 09 11:18:46 2017,09-Sep-2017,141847,46 40.877400 N,061 53.342300 W,2.1,95.6,A,Primary,Headline,1.979592,D,S,51843.000000
Sat Sep 09 11:18:46 2017,09-Sep-2017,141848,46 40.877400 N,061 53.341500 W,2.1,95.7,A,Primary,Headline,1.979592,D,S,51843.000000
Sat Sep 09 11:18:46 2017,09-Sep-2017,141849,46 40.877300 N,061 53.340700 W,2.1,95.5,A,Primary,Headline,1.979592,D,S,51843.000000
Sat Sep 09 11:18:46 2017,09-Sep-2017,141850,46 40.877300 N,061 53.340000 W,2.0,95.0,A,Primary,Headline,1.979592,D,S,51843.000000
Sat Sep 09 11:18:46 2017,09-Sep-2017,141851,46 40.877200 N,061 53.339300 W,2.0,94.8,A,Primary,Headline,1.979592,D,S,51843.000000
Sat Sep 09 11:18:51 2017,09-Sep-2017,141852,46 40.877100 N,061 53.338500 W,2.0,95.3,A,Depth,Depth,54.722222,D,S,123572.000000
Sat Sep 09 11:18:51 2017,09-Sep-2017,141853,46 40.877000 N,061 53.337700 W,2.0,96.0,A,Depth,Depth,54.722222,D,S,123572.000000
Sat Sep 09 11:18:51 2017,09-Sep-2017,141854,46 40.876900 N,061 53.337000 W,2.0,96.5,A,Depth,Depth,54.722222,D,S,123572.000000
Sat Sep 09 11:18:51 2017,09-Sep-2017,141855,46 40.876800 N,061 53.336200 W,2.0,96.1,A,Depth,Depth,54.722222,D,S,123572.000000
Sat Sep 09 11:18:51 2017,09-Sep-2017,141856,46 40.876800 N,061 53.335300 W,2.0,95.1,A,Depth,Depth,54.722222,D,S,123572.000000
Sat Sep 09 11:18:56 2017,09-Sep-2017,141857,46 40.876800 N,061 53.334500 W,2.0,94.8,A,Primary,Headline,2.000000,D,S,47785.000000
Sat Sep 09 11:18:56 2017,09-Sep-2017,141858,46 40.876800 N,061 53.333600 W,2.1,95.9,A,Primary,Headline,2.000000,D,S,47785.000000
Sat Sep 09 11:18:59 2017,09-Sep-2017,141859,46 40.876700 N,061 53.332600 W,2.1,96.9,A,Depth,Depth,57.222222,D,S,102741.000000
Sat Sep 09 11:18:59 2017,09-Sep-2017,141900,46 40.876600 N,061 53.331600 W,2.1,97.0,A,Depth,Depth,57.222222,D,S,102741.000000
Sat Sep 09 11:18:59 2017,09-Sep-2017,141901,46 40.876600 N,061 53.330800 W,2.1,96.1,A,Depth,Depth,57.222222,D,S,102741.000000
Sat Sep 09 11:19:01 2017,09-Sep-2017,141902,46 40.876500 N,061 53.329900 W,2.1,95.6,A,Primary,Headline,0.000000,D,S,57678.000000
Sat Sep 09 11:19:02 2017,09-Sep-2017,141903,46 40.876400 N,061 53.329100 W,2.1,96.1,A,DoorSpread,DoorMaster,9.590000,D,S,101694.000000
Sat Sep 09 11:19:02 2017,09-Sep-2017,141904,46 40.876300 N,061 53.328200 W,2.1,96.8,A,DoorSpread,DoorMaster,9.590000,D,S,101694.000000
Sat Sep 09 11:19:02 2017,09-Sep-2017,141905,46 40.876200 N,061 53.327400 W,2.1,97.0,A,DoorSpread,DoorMaster,9.590000,D,S,101694.000000
Sat Sep 09 11:19:02 2017,09-Sep-2017,141906,46 40.876200 N,061 53.326600 W,2.1,96.6,A,DoorSpread,DoorMaster,9.590000,D,S,101694.000000
Sat Sep 09 11:19:06 2017,09-Sep-2017,141907,46 40.876100 N,061 53.325700 W,2.1,96.2,A,Primary,Headline,2.795918,D,S,91781.000000
Sat Sep 09 11:19:07 2017,09-Sep-2017,141908,46 40.876100 N,061 53.324900 W,2.1,96.1,A,DoorSpread,DoorMaster,0.000000,E,S,140227.000000
Sat Sep 09 11:19:07 2017,09-Sep-2017,141909,46 40.876000 N,061 53.324000 W,2.1,96.6,A,DoorSpread,DoorMaster,0.000000,E,S,140227.000000
Sat Sep 09 11:19:07 2017,09-Sep-2017,141910,46 40.875900 N,061 53.323200 W,2.1,96.8,A,DoorSpread,DoorMaster,0.000000,E,S,140227.000000
Sat Sep 09 11:19:07 2017,09-Sep-2017,141911,46 40.875800 N,061 53.322400 W,2.1,96.2,A,DoorSpread,DoorMaster,0.000000,E,S,140227.000000
Sat Sep 09 11:19:07 2017,09-Sep-2017,141912,46 40.875800 N,061 53.321500 W,2.1,95.5,A,DoorSpread,DoorMaster,0.000000,E,S,140227.000000
Sat Sep 09 11:19:13 2017,09-Sep-2017,141913,46 40.875800 N,061 53.320600 W,2.1,95.4,A,DoorSpread,DoorMaster,10.670000,D,S,170321.000000
Sat Sep 09 11:19:13 2017,09-Sep-2017,141914,46 40.875700 N,061 53.319700 W,2.2,96.0,A,Depth,Depth,58.055556,D,S,86538.000000
Sat Sep 09 11:19:13 2017,09-Sep-2017,141915,46 40.875600 N,061 53.318700 W,2.2,96.3,A,Depth,Depth,58.055556,D,S,86538.000000
Sat Sep 09 11:19:13 2017,09-Sep-2017,141916,46 40.875500 N,061 53.317800 W,2.2,96.2,A,Depth,Depth,58.055556,D,S,86538.000000
Sat Sep 09 11:19:13 2017,09-Sep-2017,141917,46 40.875500 N,061 53.316900 W,2.2,95.7,A,Depth,Depth,58.055556,D,S,86538.000000
Sat Sep 09 11:19:13 2017,09-Sep-2017,141918,46 40.875500 N,061 53.316000 W,2.2,95.0,A,Depth,Depth,58.055556,D,S,86538.000000
Sat Sep 09 11:19:13 2017,09-Sep-2017,141919,46 40.875500 N,061 53.315100 W,2.2,95.0,A,Depth,Depth,58.055556,D,S,86538.000000
Sat Sep 09 11:19:13 2017,09-Sep-2017,141920,46 40.875400 N,061 53.314300 W,2.2,95.8,A,Depth,Depth,58.055556,D,S,86538.000000
Sat Sep 09 11:19:20 2017,09-Sep-2017,141921,46 40.875400 N,061 53.313500 W,2.1,96.6,A,Depth,Depth,56.203704,D,S,74197.000000
Sat Sep 09 11:19:21 2017,09-Sep-2017,141922,46 40.875400 N,061 53.312600 W,2.1,96.3,A,Primary,Headline,0.877551,D,S,79691.000000
Sat Sep 09 11:19:21 2017,09-Sep-2017,141923,46 40.875300 N,061 53.311900 W,2.1,95.7,A,Primary,Headline,0.877551,D,S,79691.000000
Sat Sep 09 11:19:21 2017,09-Sep-2017,141924,46 40.875300 N,061 53.311100 W,2.1,95.5,A,Primary,Headline,0.877551,D,S,79691.000000
Sat Sep 09 11:19:21 2017,09-Sep-2017,141925,46 40.875300 N,061 53.310300 W,2.0,96.0,A,Primary,Headline,0.877551,D,S,79691.000000
Sat Sep 09 11:19:21 2017,09-Sep-2017,141926,46 40.875300 N,061 53.309600 W,2.0,96.0,A,Primary,Headline,0.877551,D,S,79691.000000
Sat Sep 09 11:19:26 2017,09-Sep-2017,141927,46 40.875300 N,061 53.308800 W,2.0,95.8,A,Primary,Headline,1.755102,D,S,77229.000000
Sat Sep 09 11:19:27 2017,09-Sep-2017,141928,46 40.875200 N,061 53.307900 W,2.0,96.5,A,Depth,Depth,58.703704,D,S,67110.000000
Sat Sep 09 11:19:27 2017,09-Sep-2017,141929,46 40.875000 N,061 53.307100 W,2.0,97.0,A,Depth,Depth,58.703704,D,S,67110.000000
Sat Sep 09 11:19:27 2017,09-Sep-2017,141930,46 40.875000 N,061 53.306300 W,2.0,97.0,A,Depth,Depth,58.703704,D,S,67110.000000
Sat Sep 09 11:19:27 2017,09-Sep-2017,141931,46 40.874900 N,061 53.305500 W,2.1,96.4,A,Depth,Depth,58.703704,D,S,67110.000000
Sat Sep 09 11:19:31 2017,09-Sep-2017,141932,46 40.874900 N,061 53.304600 W,2.1,95.9,A,Primary,Headline,0.918367,D,S,76004.000000
Sat Sep 09 11:19:31 2017,09-Sep-2017,141933,46 40.874700 N,061 53.303800 W,2.2,95.8,A,Primary,Headline,0.918367,D,S,76004.000000
Sat Sep 09 11:19:33 2017,09-Sep-2017,141934,46 40.874600 N,061 53.302800 W,2.2,96.1,A,DoorSpread,DoorMaster,0.000000,E,S,75709.000000
Sat Sep 09 11:19:33 2017,09-Sep-2017,141935,46 40.874500 N,061 53.301800 W,2.2,96.4,A,DoorSpread,DoorMaster,0.000000,E,S,75709.000000
Sat Sep 09 11:19:35 2017,09-Sep-2017,141936,46 40.874400 N,061 53.300800 W,2.3,96.2,A,Depth,Depth,66.666667,D,S,63841.000000
Sat Sep 09 11:19:36 2017,09-Sep-2017,141937,46 40.874400 N,061 53.299800 W,2.3,95.8,A,Primary,Headline,2.142857,D,S,65025.000000
Sat Sep 09 11:19:36 2017,09-Sep-2017,141938,46 40.874400 N,061 53.299100 W,2.2,95.5,A,Primary,Headline,2.142857,D,S,65025.000000
Sat Sep 09 11:19:36 2017,09-Sep-2017,141939,46 40.874400 N,061 53.298100 W,2.2,95.5,A,Primary,Headline,2.142857,D,S,65025.000000
Sat Sep 09 11:19:36 2017,09-Sep-2017,141940,46 40.874300 N,061 53.297300 W,2.2,96.1,A,Primary,Headline,2.142857,D,S,65025.000000
Sat Sep 09 11:19:36 2017,09-Sep-2017,141941,46 40.874200 N,061 53.296500 W,2.2,96.9,A,Primary,Headline,2.142857,D,S,65025.000000
Sat Sep 09 11:19:41 2017,09-Sep-2017,141942,46 40.874100 N,061 53.295800 W,2.1,96.9,A,Primary,Headline,0.040816,D,S,148841.000000
Sat Sep 09 11:19:42 2017,09-Sep-2017,141943,46 40.874100 N,061 53.294900 W,2.1,96.0,A,Depth,Depth,52.962963,D,S,71753.000000
Sat Sep 09 11:19:42 2017,09-Sep-2017,141944,46 40.874000 N,061 53.294200 W,2.1,95.4,A,Depth,Depth,52.962963,D,S,71753.000000
Sat Sep 09 11:19:42 2017,09-Sep-2017,141945,46 40.873900 N,061 53.293400 W,2.1,96.1,A,Depth,Depth,52.962963,D,S,71753.000000
Sat Sep 09 11:19:42 2017,09-Sep-2017,141946,46 40.873800 N,061 53.292600 W,2.0,97.2,A,Depth,Depth,52.962963,D,S,71753.000000
Sat Sep 09 11:19:46 2017,09-Sep-2017,141947,46 40.873700 N,061 53.291700 W,2.1,97.5,A,Primary,Headline,1.204082,D,S,76546.000000
Sat Sep 09 11:19:46 2017,09-Sep-2017,141948,46 40.873700 N,061 53.290800 W,2.0,96.5,A,Primary,Headline,1.204082,D,S,76546.000000
Sat Sep 09 11:19:48 2017,09-Sep-2017,141949,46 40.873700 N,061 53.290000 W,2.0,95.3,A,DoorSpread,DoorMaster,0.000000,E,S,61847.000000
Sat Sep 09 11:19:48 2017,09-Sep-2017,141950,46 40.873700 N,061 53.289000 W,2.1,95.2,A,DoorSpread,DoorMaster,0.000000,E,S,61847.000000
Sat Sep 09 11:19:48 2017,09-Sep-2017,141951,46 40.873600 N,061 53.288000 W,2.1,96.0,A,DoorSpread,DoorMaster,0.000000,E,S,61847.000000
Sat Sep 09 11:19:51 2017,09-Sep-2017,141952,46 40.873400 N,061 53.287100 W,2.1,96.9,A,Primary,Headline,2.387755,D,S,39889.000000
Sat Sep 09 11:19:51 2017,09-Sep-2017,141953,46 40.873400 N,061 53.286100 W,2.2,96.3,A,Primary,Headline,2.387755,D,S,39889.000000
Sat Sep 09 11:19:51 2017,09-Sep-2017,141954,46 40.873400 N,061 53.285100 W,2.2,95.2,A,Primary,Headline,2.387755,D,S,39889.000000
Sat Sep 09 11:19:54 2017,09-Sep-2017,141955,46 40.873300 N,061 53.284100 W,2.2,95.0,A,DoorSpread,DoorMaster,9.880000,D,S,84020.000000
Sat Sep 09 11:19:54 2017,09-Sep-2017,141956,46 40.873300 N,061 53.283200 W,2.2,95.4,A,DoorSpread,DoorMaster,9.880000,D,S,84020.000000
Sat Sep 09 11:19:56 2017,09-Sep-2017,141957,46 40.873200 N,061 53.282400 W,2.2,95.9,A,Primary,Headline,1.102041,D,S,55156.000000
Sat Sep 09 11:19:56 2017,09-Sep-2017,141958,46 40.873000 N,061 53.281500 W,2.2,96.6,A,Primary,Headline,1.102041,D,S,55156.000000
Sat Sep 09 11:19:56 2017,09-Sep-2017,141959,46 40.872900 N,061 53.280700 W,2.2,97.1,A,Primary,Headline,1.102041,D,S,55156.000000
Sat Sep 09 11:19:56 2017,09-Sep-2017,142000,46 40.872800 N,061 53.279900 W,2.2,96.8,A,Primary,Headline,1.102041,D,S,55156.000000
Sat Sep 09 11:19:56 2017,09-Sep-2017,142001,46 40.872800 N,061 53.279200 W,2.1,96.0,A,Primary,Headline,1.102041,D,S,55156.000000
Sat Sep 09 11:20:01 2017,09-Sep-2017,142002,46 40.872700 N,061 53.278400 W,2.1,95.7,A,Primary,Headline,0.714286,D,S,65382.000000
Sat Sep 09 11:20:01 2017,09-Sep-2017,142003,46 40.872600 N,061 53.277600 W,2.1,96.9,A,Primary,Headline,0.714286,D,S,65382.000000
Sat Sep 09 11:20:03 2017,09-Sep-2017,142004,46 40.872400 N,061 53.276900 W,2.1,98.0,A,Depth,Depth,48.796296,D,S,72922.000000
Sat Sep 09 11:20:03 2017,09-Sep-2017,142005,46 40.872300 N,061 53.276300 W,2.1,98.0,A,Depth,Depth,48.796296,D,S,72922.000000
Sat Sep 09 11:20:03 2017,09-Sep-2017,142006,46 40.872200 N,061 53.275500 W,2.1,97.8,A,Depth,Depth,48.796296,D,S,72922.000000
Sat Sep 09 11:20:06 2017,09-Sep-2017,142007,46 40.872100 N,061 53.274700 W,2.1,97.7,A,Primary,Headline,0.000000,D,S,83303.000000
Sat Sep 09 11:20:06 2017,09-Sep-2017,142008,46 40.872000 N,061 53.274000 W,2.1,97.9,A,Primary,Headline,0.000000,D,S,83303.000000
Sat Sep 09 11:20:06 2017,09-Sep-2017,142009,46 40.871800 N,061 53.273300 W,2.1,98.2,A,Primary,Headline,0.000000,D,S,83303.000000
Sat Sep 09 11:20:06 2017,09-Sep-2017,142010,46 40.871700 N,061 53.272400 W,2.1,99.1,A,Primary,Headline,0.000000,D,S,83303.000000
Sat Sep 09 11:20:06 2017,09-Sep-2017,142011,46 40.871500 N,061 53.271500 W,2.1,99.4,A,Primary,Headline,0.000000,D,S,83303.000000
Sat Sep 09 11:20:11 2017,09-Sep-2017,142012,46 40.871400 N,061 53.270800 W,2.1,99.2,A,Primary,Headline,1.265306,D,S,88902.000000
Sat Sep 09 11:20:11 2017,09-Sep-2017,142013,46 40.871300 N,061 53.269900 W,2.1,98.4,A,Primary,Headline,1.265306,D,S,88902.000000
Sat Sep 09 11:20:11 2017,09-Sep-2017,142014,46 40.871300 N,061 53.269000 W,2.2,98.1,A,Primary,Headline,1.265306,D,S,88902.000000
Sat Sep 09 11:20:14 2017,09-Sep-2017,142015,46 40.871200 N,061 53.268200 W,2.2,98.7,A,DoorSpread,DoorMaster,5.250000,D,S,116796.000000
Sat Sep 09 11:20:14 2017,09-Sep-2017,142016,46 40.871000 N,061 53.267400 W,2.2,99.3,A,DoorSpread,DoorMaster,5.250000,D,S,116796.000000
Sat Sep 09 11:20:16 2017,09-Sep-2017,142017,46 40.870900 N,061 53.266600 W,2.2,99.2,A,Primary,Headline,3.367347,D,S,77757.000000
Sat Sep 09 11:20:16 2017,09-Sep-2017,142018,46 40.870900 N,061 53.265700 W,2.3,98.1,A,Primary,Headline,3.367347,D,S,77757.000000
Sat Sep 09 11:20:18 2017,09-Sep-2017,142019,46 40.870900 N,061 53.264700 W,2.4,96.7,A,Depth,Depth,70.370370,D,S,73359.000000
Sat Sep 09 11:20:19 2017,09-Sep-2017,142020,46 40.870900 N,061 53.263400 W,2.5,95.8,A,DoorSpread,DoorMaster,0.000000,E,S,121938.000000
Sat Sep 09 11:20:19 2017,09-Sep-2017,142021,46 40.870800 N,061 53.262100 W,2.7,95.9,A,DoorSpread,DoorMaster,0.000000,E,S,121938.000000
Sat Sep 09 11:20:21 2017,09-Sep-2017,142022,46 40.870700 N,061 53.260900 W,2.8,96.1,A,Primary,Headline,2.081633,D,S,72403.000000
Sat Sep 09 11:20:21 2017,09-Sep-2017,142023,46 40.870700 N,061 53.259700 W,2.8,95.5,A,Primary,Headline,2.081633,D,S,72403.000000
Sat Sep 09 11:20:21 2017,09-Sep-2017,142024,46 40.870800 N,061 53.258400 W,2.9,94.6,A,Primary,Headline,2.081633,D,S,72403.000000
Sat Sep 09 11:20:21 2017,09-Sep-2017,142025,46 40.870800 N,061 53.257200 W,2.9,94.0,A,Primary,Headline,2.081633,D,S,72403.000000
Sat Sep 09 11:20:25 2017,09-Sep-2017,142026,46 40.870800 N,061 53.256100 W,2.8,93.9,A,Depth,Depth,42.500000,D,S,70315.000000
Sat Sep 09 11:20:26 2017,09-Sep-2017,142027,46 40.870800 N,061 53.255100 W,2.8,93.7,A,Secondary,Headline,0.000000,E,S,82832.000000
Sat Sep 09 11:20:26 2017,09-Sep-2017,142028,46 40.870800 N,061 53.254100 W,2.7,93.1,A,Secondary,Headline,0.000000,E,S,82832.000000
Sat Sep 09 11:20:26 2017,09-Sep-2017,142029,46 40.870900 N,061 53.253100 W,2.7,92.6,A,Secondary,Headline,0.000000,E,S,82832.000000
Sat Sep 09 11:20:26 2017,09-Sep-2017,142030,46 40.870800 N,061 53.252200 W,2.6,93.0,A,Secondary,Headline,0.000000,E,S,82832.000000
Sat Sep 09 11:20:26 2017,09-Sep-2017,142031,46 40.870800 N,061 53.251300 W,2.5,94.0,A,Secondary,Headline,0.000000,E,S,82832.000000
Sat Sep 09 11:20:26 2017,09-Sep-2017,142032,46 40.870700 N,061 53.250400 W,2.4,94.7,A,Secondary,Headline,0.000000,E,S,82832.000000
Sat Sep 09 11:20:32 2017,09-Sep-2017,142033,46 40.870700 N,061 53.249600 W,2.4,95.1,A,Depth,Depth,54.444444,D,S,81349.000000
Sat Sep 09 11:20:32 2017,09-Sep-2017,142034,46 40.870700 N,061 53.248700 W,2.3,95.6,A,Depth,Depth,54.444444,D,S,81349.000000
Sat Sep 09 11:20:32 2017,09-Sep-2017,142035,46 40.870600 N,061 53.247900 W,2.3,96.7,A,Depth,Depth,54.444444,D,S,81349.000000
Sat Sep 09 11:20:32 2017,09-Sep-2017,142036,46 40.870400 N,061 53.247200 W,2.2,98.3,A,Depth,Depth,54.444444,D,S,81349.000000
Sat Sep 09 11:20:36 2017,09-Sep-2017,142037,46 40.870300 N,061 53.246700 W,2.1,99.2,A,DoorSpread,DoorMaster,7.670000,D,S,73946.000000
Sat Sep 09 11:20:36 2017,09-Sep-2017,142038,46 40.870300 N,061 53.246100 W,2.0,98.5,A,DoorSpread,DoorMaster,7.670000,D,S,73946.000000
Sat Sep 09 11:20:36 2017,09-Sep-2017,142039,46 40.870300 N,061 53.245500 W,2.0,97.3,A,DoorSpread,DoorMaster,7.670000,D,S,73946.000000
Sat Sep 09 11:20:40 2017,09-Sep-2017,142040,46 40.870200 N,061 53.244900 W,1.9,97.8,A,Depth,Depth,51.666667,D,S,191667.000000
Sat Sep 09 11:20:40 2017,09-Sep-2017,142041,46 40.870000 N,061 53.244400 W,1.9,100.0,A,Depth,Depth,51.666667,D,S,191667.000000
Sat Sep 09 11:20:41 2017,09-Sep-2017,142042,46 40.869900 N,061 53.243800 W,1.8,101.4,A,Primary,Headline,0.877551,D,S,76416.000000
Sat Sep 09 11:20:42 2017,09-Sep-2017,142043,46 40.869800 N,061 53.243300 W,1.8,101.1,A,DoorSpread,DoorMaster,8.260000,D,S,47816.000000
Sat Sep 09 11:20:42 2017,09-Sep-2017,142044,46 40.869900 N,061 53.242700 W,1.7,99.4,A,DoorSpread,DoorMaster,8.260000,D,S,47816.000000
Sat Sep 09 11:20:42 2017,09-Sep-2017,142045,46 40.869900 N,061 53.242000 W,1.7,99.0,A,DoorSpread,DoorMaster,8.260000,D,S,47816.000000
Sat Sep 09 11:20:42 2017,09-Sep-2017,142046,46 40.869800 N,061 53.241500 W,1.6,100.9,A,DoorSpread,DoorMaster,8.260000,D,S,47816.000000
Sat Sep 09 11:20:46 2017,09-Sep-2017,142047,46 40.869600 N,061 53.240900 W,1.6,103.3,A,Primary,Headline,2.591837,D,S,60557.000000
Sat Sep 09 11:20:47 2017,09-Sep-2017,142048,46 40.869400 N,061 53.240400 W,1.6,104.0,A,Depth,Depth,59.907407,D,S,86210.000000
Sat Sep 09 11:20:48 2017,09-Sep-2017,142049,46 40.869400 N,061 53.240000 W,1.5,102.6,A,DoorSpread,DoorMaster,6.960000,D,S,138499.000000
Sat Sep 09 11:20:48 2017,09-Sep-2017,142050,46 40.869300 N,061 53.239700 W,1.5,100.8,A,DoorSpread,DoorMaster,6.960000,D,S,138499.000000
Sat Sep 09 11:20:48 2017,09-Sep-2017,142051,46 40.869200 N,061 53.239300 W,1.5,100.4,A,DoorSpread,DoorMaster,6.960000,D,S,138499.000000
Sat Sep 09 11:20:51 2017,09-Sep-2017,142052,46 40.869000 N,061 53.238800 W,1.4,101.5,A,Primary,Headline,2.571429,D,S,46881.000000
Sat Sep 09 11:20:51 2017,09-Sep-2017,142053,46 40.869000 N,061 53.238300 W,1.4,103.1,A,Primary,Headline,2.571429,D,S,46881.000000
Sat Sep 09 11:20:53 2017,09-Sep-2017,142054,46 40.868900 N,061 53.237800 W,1.4,103.4,A,DoorSpread,DoorMaster,6.890000,D,S,103813.000000
Sat Sep 09 11:20:54 2017,09-Sep-2017,142055,46 40.868800 N,061 53.237300 W,1.4,102.6,A,Depth,Depth,53.425926,D,S,116749.000000
Sat Sep 09 11:20:54 2017,09-Sep-2017,142056,46 40.868800 N,061 53.236800 W,1.3,101.5,A,Depth,Depth,53.425926,D,S,116749.000000
Sat Sep 09 11:20:56 2017,09-Sep-2017,142057,46 40.868700 N,061 53.236300 W,1.3,102.0,A,Primary,Headline,0.183673,D,S,114102.000000
Sat Sep 09 11:20:56 2017,09-Sep-2017,142058,46 40.868600 N,061 53.235800 W,1.3,103.5,A,Primary,Headline,0.183673,D,S,114102.000000
Sat Sep 09 11:20:56 2017,09-Sep-2017,142059,46 40.868500 N,061 53.235300 W,1.3,104.8,A,Primary,Headline,0.183673,D,S,114102.000000
Sat Sep 09 11:20:59 2017,09-Sep-2017,142100,46 40.868400 N,061 53.234800 W,1.3,104.4,A,DoorSpread,DoorMaster,7.005000,D,S,130569.000000
Sat Sep 09 11:20:59 2017,09-Sep-2017,142101,46 40.868300 N,061 53.234400 W,1.3,103.3,A,DoorSpread,DoorMaster,7.005000,D,S,130569.000000
Sat Sep 09 11:21:01 2017,09-Sep-2017,142102,46 40.868200 N,061 53.233900 W,1.3,103.5,A,Primary,Headline,2.469388,D,S,136444.000000
Sat Sep 09 11:21:01 2017,09-Sep-2017,142103,46 40.868000 N,061 53.233500 W,1.3,104.2,A,Primary,Headline,2.469388,D,S,136444.000000
Sat Sep 09 11:21:01 2017,09-Sep-2017,142104,46 40.867900 N,061 53.233100 W,1.3,104.9,A,Primary,Headline,2.469388,D,S,136444.000000
Sat Sep 09 11:21:01 2017,09-Sep-2017,142105,46 40.867800 N,061 53.232600 W,1.3,105.1,A,Primary,Headline,2.469388,D,S,136444.000000
Sat Sep 09 11:21:05 2017,09-Sep-2017,142106,46 40.867700 N,061 53.232100 W,1.3,105.3,A,DoorSpread,DoorMaster,7.000000,D,S,99479.000000
Sat Sep 09 11:21:06 2017,09-Sep-2017,142107,46 40.867600 N,061 53.231700 W,1.3,105.5,A,Primary,Headline,1.367347,D,S,139267.000000
Sat Sep 09 11:21:06 2017,09-Sep-2017,142108,46 40.867500 N,061 53.231300 W,1.2,105.8,A,Primary,Headline,1.367347,D,S,139267.000000
Sat Sep 09 11:21:08 2017,09-Sep-2017,142109,46 40.867400 N,061 53.230700 W,1.3,106.6,A,Depth,Depth,55.740741,D,S,219619.000000
Sat Sep 09 11:21:08 2017,09-Sep-2017,142110,46 40.867200 N,061 53.230100 W,1.3,107.5,A,Depth,Depth,55.740741,D,S,219619.000000
Sat Sep 09 11:21:10 2017,09-Sep-2017,142111,46 40.867200 N,061 53.229700 W,1.2,107.5,A,DoorSpread,DoorMaster,0.000000,E,S,196480.000000
Sat Sep 09 11:21:12 2017,09-Sep-2017,142112,46 40.867100 N,061 53.229300 W,1.2,106.4,A,Primary,Headline,2.081633,D,S,126195.000000
Sat Sep 09 11:21:12 2017,09-Sep-2017,142113,46 40.867000 N,061 53.228700 W,1.3,106.0,A,Primary,Headline,2.081633,D,S,126195.000000
Sat Sep 09 11:21:12 2017,09-Sep-2017,142114,46 40.866900 N,061 53.228200 W,1.3,106.5,A,Primary,Headline,2.081633,D,S,126195.000000
Sat Sep 09 11:21:12 2017,09-Sep-2017,142115,46 40.866900 N,061 53.227700 W,1.3,107.3,A,Primary,Headline,2.081633,D,S,126195.000000
Sat Sep 09 11:21:15 2017,09-Sep-2017,142116,46 40.866800 N,061 53.227100 W,1.3,107.8,A,Depth,Depth,64.814815,D,S,135868.000000
Sat Sep 09 11:21:15 2017,09-Sep-2017,142117,46 40.866700 N,061 53.226500 W,1.3,107.6,A,Depth,Depth,64.814815,D,S,135868.000000
Sat Sep 09 11:21:17 2017,09-Sep-2017,142118,46 40.866600 N,061 53.226000 W,1.3,106.9,A,Primary,Headline,2.510204,D,S,114765.000000
Sat Sep 09 11:21:17 2017,09-Sep-2017,142119,46 40.866500 N,061 53.225500 W,1.3,106.5,A,Primary,Headline,2.510204,D,S,114765.000000
Sat Sep 09 11:21:17 2017,09-Sep-2017,142120,46 40.866500 N,061 53.225000 W,1.3,107.0,A,Primary,Headline,2.510204,D,S,114765.000000
Sat Sep 09 11:21:17 2017,09-Sep-2017,142121,46 40.866300 N,061 53.224500 W,1.3,108.2,A,Primary,Headline,2.510204,D,S,114765.000000
Sat Sep 09 11:21:21 2017,09-Sep-2017,142122,46 40.866200 N,061 53.224000 W,1.3,109.5,A,DoorSpread,DoorMaster,7.025000,D,S,175381.000000
Sat Sep 09 11:21:22 2017,09-Sep-2017,142123,46 40.866100 N,061 53.223600 W,1.3,109.9,A,Primary,Headline,2.448980,D,S,190735.000000
Sat Sep 09 11:21:23 2017,09-Sep-2017,142124,46 40.866000 N,061 53.223100 W,1.3,108.7,A,Depth,Depth,46.388889,D,S,137732.000000
Sat Sep 09 11:21:23 2017,09-Sep-2017,142125,46 40.866000 N,061 53.222500 W,1.2,107.3,A,Depth,Depth,46.388889,D,S,137732.000000
Sat Sep 09 11:21:23 2017,09-Sep-2017,142126,46 40.865900 N,061 53.222000 W,1.3,107.5,A,Depth,Depth,46.388889,D,S,137732.000000
Sat Sep 09 11:21:26 2017,09-Sep-2017,142127,46 40.865800 N,061 53.221500 W,1.3,108.9,A,DoorSpread,DoorMaster,0.000000,E,S,124600.000000
Sat Sep 09 11:21:27 2017,09-Sep-2017,142128,46 40.865700 N,061 53.220900 W,1.3,109.7,A,Primary,Headline,3.387755,D,S,148735.000000
Sat Sep 09 11:21:27 2017,09-Sep-2017,142129,46 40.865600 N,061 53.220500 W,1.3,109.0,A,Primary,Headline,3.387755,D,S,148735.000000
Sat Sep 09 11:21:27 2017,09-Sep-2017,142130,46 40.865500 N,061 53.220000 W,1.3,107.0,A,Primary,Headline,3.387755,D,S,148735.000000
Sat Sep 09 11:21:30 2017,09-Sep-2017,142131,46 40.865500 N,061 53.219500 W,1.3,106.3,A,Depth,Depth,53.425926,D,S,366062.000000
Sat Sep 09 11:21:30 2017,09-Sep-2017,142132,46 40.865300 N,061 53.219100 W,1.3,107.8,A,Depth,Depth,53.425926,D,S,366062.000000
Sat Sep 09 11:21:32 2017,09-Sep-2017,142133,46 40.865100 N,061 53.218700 W,1.3,110.5,A,Primary,Headline,3.918367,D,S,281701.000000
Sat Sep 09 11:21:32 2017,09-Sep-2017,142134,46 40.865100 N,061 53.218400 W,1.3,111.3,A,Primary,Headline,3.918367,D,S,281701.000000
Sat Sep 09 11:21:32 2017,09-Sep-2017,142135,46 40.865000 N,061 53.218000 W,1.3,110.3,A,Primary,Headline,3.918367,D,S,281701.000000
Sat Sep 09 11:21:32 2017,09-Sep-2017,142136,46 40.864900 N,061 53.217600 W,1.2,108.9,A,Primary,Headline,3.918367,D,S,281701.000000
Sat Sep 09 11:21:32 2017,09-Sep-2017,142137,46 40.864800 N,061 53.217100 W,1.2,108.6,A,Primary,Headline,3.918367,D,S,281701.000000
Sat Sep 09 11:21:37 2017,09-Sep-2017,142138,46 40.864700 N,061 53.216700 W,1.3,110.1,A,DoorSpread,DoorMaster,6.830000,D,S,299955.000000
Sat Sep 09 11:21:37 2017,09-Sep-2017,142139,46 40.864500 N,061 53.216300 W,1.3,111.9,A,DoorSpread,DoorMaster,6.830000,D,S,299955.000000
Sat Sep 09 11:21:37 2017,09-Sep-2017,142140,46 40.864300 N,061 53.216000 W,1.3,112.3,A,DoorSpread,DoorMaster,6.830000,D,S,299955.000000
Sat Sep 09 11:21:37 2017,09-Sep-2017,142141,46 40.864300 N,061 53.215700 W,1.3,111.2,A,DoorSpread,DoorMaster,6.830000,D,S,299955.000000
Sat Sep 09 11:21:37 2017,09-Sep-2017,142142,46 40.864200 N,061 53.215200 W,1.3,109.4,A,DoorSpread,DoorMaster,6.830000,D,S,299955.000000
Sat Sep 09 11:21:42 2017,09-Sep-2017,142143,46 40.864100 N,061 53.214900 W,1.3,109.3,A,Primary,Headline,4.918367,D,S,116110.000000
Sat Sep 09 11:21:43 2017,09-Sep-2017,142144,46 40.863900 N,061 53.214500 W,1.3,111.7,A,DoorSpread,DoorMaster,6.690000,D,S,397845.000000
Sat Sep 09 11:21:44 2017,09-Sep-2017,142145,46 40.863700 N,061 53.214200 W,1.3,113.5,A,Depth,Depth,53.518519,D,S,171440.000000
Sat Sep 09 11:21:44 2017,09-Sep-2017,142146,46 40.863600 N,061 53.213700 W,1.3,113.6,A,Depth,Depth,53.518519,D,S,171440.000000
Sat Sep 09 11:21:44 2017,09-Sep-2017,142147,46 40.863500 N,061 53.213300 W,1.3,112.1,A,Depth,Depth,53.518519,D,S,171440.000000
Sat Sep 09 11:21:47 2017,09-Sep-2017,142148,46 40.863500 N,061 53.212800 W,1.3,110.8,A,Primary,Headline,6.775510,D,S,271822.000000
Sat Sep 09 11:21:47 2017,09-Sep-2017,142149,46 40.863400 N,061 53.212400 W,1.3,111.4,A,Primary,Headline,6.775510,D,S,271822.000000
Sat Sep 09 11:21:49 2017,09-Sep-2017,142150,46 40.863200 N,061 53.211900 W,1.3,112.4,A,DoorSpread,DoorMaster,6.835000,D,S,201862.000000
Sat Sep 09 11:21:49 2017,09-Sep-2017,142151,46 40.863200 N,061 53.211600 W,1.3,113.2,A,DoorSpread,DoorMaster,6.835000,D,S,201862.000000
Sat Sep 09 11:21:51 2017,09-Sep-2017,142152,46 40.863100 N,061 53.211200 W,1.3,113.5,A,Depth,Depth,49.814815,D,S,161086.000000
Sat Sep 09 11:21:52 2017,09-Sep-2017,142153,46 40.863000 N,061 53.210800 W,1.3,113.4,A,Primary,Headline,7.265306,D,S,214762.000000
Sat Sep 09 11:21:52 2017,09-Sep-2017,142154,46 40.862900 N,061 53.210400 W,1.3,112.6,A,Primary,Headline,7.265306,D,S,214762.000000
Sat Sep 09 11:21:54 2017,09-Sep-2017,142155,46 40.862800 N,061 53.209900 W,1.3,111.9,A,DoorSpread,DoorMaster,6.760000,D,S,162286.000000
Sat Sep 09 11:21:54 2017,09-Sep-2017,142156,46 40.862700 N,061 53.209500 W,1.3,112.6,A,DoorSpread,DoorMaster,6.760000,D,S,162286.000000
Sat Sep 09 11:21:54 2017,09-Sep-2017,142157,46 40.862500 N,061 53.209100 W,1.3,113.9,A,DoorSpread,DoorMaster,6.760000,D,S,162286.000000
Sat Sep 09 11:21:57 2017,09-Sep-2017,142158,46 40.862400 N,061 53.208600 W,1.3,114.7,A,Primary,Headline,10.020408,D,S,354150.000000
Sat Sep 09 11:21:57 2017,09-Sep-2017,142159,46 40.862200 N,061 53.208000 W,1.3,114.0,A,Primary,Headline,10.020408,D,S,354150.000000
Sat Sep 09 11:21:59 2017,09-Sep-2017,142200,46 40.862000 N,061 53.207300 W,1.3,113.1,A,Depth,Depth,48.888889,D,S,437453.000000
Sat Sep 09 11:22:00 2017,09-Sep-2017,142201,46 40.861800 N,061 53.206800 W,1.3,112.9,A,DoorSpread,DoorMaster,6.990000,D,S,164988.000000
Sat Sep 09 11:22:00 2017,09-Sep-2017,142202,46 40.861600 N,061 53.206300 W,1.3,113.4,A,DoorSpread,DoorMaster,6.990000,D,S,164988.000000
Sat Sep 09 11:22:02 2017,09-Sep-2017,142203,46 40.861500 N,061 53.205800 W,1.3,113.4,A,Primary,Headline,10.775510,D,S,151183.000000
Sat Sep 09 11:22:02 2017,09-Sep-2017,142204,46 40.861300 N,061 53.205300 W,1.3,113.3,A,Primary,Headline,10.775510,D,S,151183.000000
Sat Sep 09 11:22:02 2017,09-Sep-2017,142205,46 40.861200 N,061 53.204800 W,1.3,113.2,A,Primary,Headline,10.775510,D,S,151183.000000
Sat Sep 09 11:22:02 2017,09-Sep-2017,142206,46 40.861000 N,061 53.204300 W,1.3,113.4,A,Primary,Headline,10.775510,D,S,151183.000000
Sat Sep 09 11:22:06 2017,09-Sep-2017,142207,46 40.860800 N,061 53.203800 W,1.3,113.7,A,DoorSpread,DoorMaster,15.260000,D,S,216458.000000
Sat Sep 09 11:22:06 2017,09-Sep-2017,142208,46 40.860600 N,061 53.203400 W,1.3,113.8,A,DoorSpread,DoorMaster,15.260000,D,S,216458.000000
Sat Sep 09 11:22:08 2017,09-Sep-2017,142209,46 40.860400 N,061 53.202900 W,1.3,113.7,A,Primary,Headline,13.489796,D,S,164106.000000
Sat Sep 09 11:22:08 2017,09-Sep-2017,142210,46 40.860300 N,061 53.202400 W,1.3,114.2,A,Primary,Headline,13.489796,D,S,164106.000000
Sat Sep 09 11:22:08 2017,09-Sep-2017,142211,46 40.860200 N,061 53.201900 W,1.3,114.6,A,Primary,Headline,13.489796,D,S,164106.000000
Sat Sep 09 11:22:08 2017,09-Sep-2017,142212,46 40.860000 N,061 53.201300 W,1.3,114.4,A,Primary,Headline,13.489796,D,S,164106.000000
Sat Sep 09 11:22:12 2017,09-Sep-2017,142213,46 40.859900 N,061 53.200800 W,1.3,114.6,A,DoorSpread,DoorMaster,17.335000,D,S,185712.000000
Sat Sep 09 11:22:13 2017,09-Sep-2017,142214,46 40.859700 N,061 53.200400 W,1.3,115.3,A,Depth,Depth,54.259259,D,S,400843.000000
Sat Sep 09 11:22:13 2017,09-Sep-2017,142215,46 40.859600 N,061 53.199900 W,1.3,115.6,A,Depth,Depth,54.259259,D,S,400843.000000
Sat Sep 09 11:22:13 2017,09-Sep-2017,142216,46 40.859400 N,061 53.199500 W,1.3,115.5,A,Depth,Depth,54.259259,D,S,400843.000000
Sat Sep 09 11:22:13 2017,09-Sep-2017,142217,46 40.859200 N,061 53.199100 W,1.3,115.4,A,Depth,Depth,54.259259,D,S,400843.000000
Sat Sep 09 11:22:17 2017,09-Sep-2017,142218,46 40.859200 N,061 53.198500 W,1.4,115.5,A,DoorSpread,DoorMaster,0.000000,E,S,312164.000000
Sat Sep 09 11:22:18 2017,09-Sep-2017,142219,46 40.859000 N,061 53.198000 W,1.4,116.0,A,Primary,Headline,18.224490,D,S,224655.000000
Sat Sep 09 11:22:18 2017,09-Sep-2017,142220,46 40.858900 N,061 53.197600 W,1.4,116.4,A,Primary,Headline,18.224490,D,S,224655.000000
Sat Sep 09 11:22:20 2017,09-Sep-2017,142221,46 40.858700 N,061 53.197100 W,1.4,115.9,A,Depth,Depth,35.555556,D,S,304558.000000
Sat Sep 09 11:22:20 2017,09-Sep-2017,142222,46 40.858600 N,061 53.196200 W,1.4,115.2,A,Depth,Depth,35.555556,D,S,304558.000000
Sat Sep 09 11:22:20 2017,09-Sep-2017,142223,46 40.858500 N,061 53.195600 W,1.4,115.7,A,Depth,Depth,35.555556,D,S,304558.000000
Sat Sep 09 11:22:23 2017,09-Sep-2017,142224,46 40.858300 N,061 53.195200 W,1.4,116.8,A,DoorSpread,DoorMaster,7.700000,D,S,283021.000000
Sat Sep 09 11:22:24 2017,09-Sep-2017,142225,46 40.858100 N,061 53.194800 W,1.4,117.1,A,Primary,Headline,21.673469,D,S,136440.000000
Sat Sep 09 11:22:24 2017,09-Sep-2017,142226,46 40.857900 N,061 53.194300 W,1.4,116.4,A,Primary,Headline,21.673469,D,S,136440.000000
Sat Sep 09 11:22:24 2017,09-Sep-2017,142227,46 40.857700 N,061 53.193800 W,1.4,116.3,A,Primary,Headline,21.673469,D,S,136440.000000
Sat Sep 09 11:22:27 2017,09-Sep-2017,142228,46 40.857500 N,061 53.193300 W,1.4,116.6,A,Depth,Depth,40.000000,D,S,518813.000000
Sat Sep 09 11:22:28 2017,09-Sep-2017,142229,46 40.857300 N,061 53.192800 W,1.4,116.7,A,DoorSpread,DoorMaster,0.000000,E,S,261793.000000
Sat Sep 09 11:22:29 2017,09-Sep-2017,142230,46 40.857100 N,061 53.192300 W,1.4,116.4,A,Primary,Headline,0.489796,D,S,183098.000000
Sat Sep 09 11:22:29 2017,09-Sep-2017,142231,46 40.856800 N,061 53.191800 W,1.4,116.6,A,Primary,Headline,0.489796,D,S,183098.000000
Sat Sep 09 11:22:29 2017,09-Sep-2017,142232,46 40.856700 N,061 53.191300 W,1.4,117.0,A,Primary,Headline,0.489796,D,S,183098.000000
Sat Sep 09 11:22:29 2017,09-Sep-2017,142233,46 40.856400 N,061 53.190800 W,1.4,117.3,A,Primary,Headline,0.489796,D,S,183098.000000
Sat Sep 09 11:22:33 2017,09-Sep-2017,142234,46 40.856200 N,061 53.190300 W,1.5,117.2,A,DoorSpread,DoorMaster,0.000000,E,S,430360.000000
Sat Sep 09 11:22:34 2017,09-Sep-2017,142235,46 40.856000 N,061 53.189800 W,1.5,117.2,A,Depth,Depth,36.759259,D,S,591241.000000
Sat Sep 09 11:22:34 2017,09-Sep-2017,142236,46 40.855800 N,061 53.189300 W,1.5,117.4,A,Depth,Depth,36.759259,D,S,591241.000000
Sat Sep 09 11:22:34 2017,09-Sep-2017,142237,46 40.855600 N,061 53.188800 W,1.5,117.4,A,Depth,Depth,36.759259,D,S,591241.000000
Sat Sep 09 11:22:34 2017,09-Sep-2017,142238,46 40.855400 N,061 53.188200 W,1.5,117.4,A,Depth,Depth,36.759259,D,S,591241.000000
Sat Sep 09 11:22:39 2017,09-Sep-2017,142239,46 40.855200 N,061 53.187700 W,1.5,116.9,A,Primary,Headline,2.081633,D,S,76518.000000
Sat Sep 09 11:22:39 2017,09-Sep-2017,142240,46 40.855000 N,061 53.187200 W,1.5,116.4,A,Primary,Headline,2.081633,D,S,76518.000000
Sat Sep 09 11:22:39 2017,09-Sep-2017,142241,46 40.854800 N,061 53.186600 W,1.5,116.0,A,Primary,Headline,2.081633,D,S,76518.000000
Sat Sep 09 11:22:42 2017,09-Sep-2017,142242,46 40.854600 N,061 53.186000 W,1.5,116.3,A,Depth,Depth,33.981481,D,S,348910.000000
Sat Sep 09 11:22:42 2017,09-Sep-2017,142243,46 40.854400 N,061 53.185500 W,1.5,116.7,A,Depth,Depth,33.981481,D,S,348910.000000
Sat Sep 09 11:22:43 2017,09-Sep-2017,142244,46 40.854200 N,061 53.184900 W,1.5,116.5,A,DoorSpread,DoorMaster,0.000000,E,S,522803.000000
Sat Sep 09 11:22:44 2017,09-Sep-2017,142245,46 40.854000 N,061 53.184300 W,1.5,115.4,A,Primary,Headline,1.591837,D,S,138020.000000
Sat Sep 09 11:22:44 2017,09-Sep-2017,142246,46 40.853900 N,061 53.183700 W,1.5,114.4,A,Primary,Headline,1.591837,D,S,138020.000000
Sat Sep 09 11:22:44 2017,09-Sep-2017,142247,46 40.853700 N,061 53.183100 W,1.6,113.9,A,Primary,Headline,1.591837,D,S,138020.000000
Sat Sep 09 11:22:44 2017,09-Sep-2017,142248,46 40.853500 N,061 53.182400 W,1.6,114.2,A,Primary,Headline,1.591837,D,S,138020.000000
Sat Sep 09 11:22:48 2017,09-Sep-2017,142249,46 40.853200 N,061 53.181800 W,1.7,114.7,A,DoorSpread,DoorMaster,0.000000,E,S,725030.000000
Sat Sep 09 11:22:49 2017,09-Sep-2017,142250,46 40.853100 N,061 53.181100 W,1.7,114.4,A,Primary,Headline,1.632653,D,S,216670.000000
