Ship Number,Trip Number,Tow Number
Avalon Voyager,4,1
Comments
"Zone 12"
CPU Date and Time,GPS Date,GPS Time,Latitude,Longitude,Speed,Heading,Validity,Transducer Name,Sensor Name,Sensor Value,Error Code,Hydrophone,Signal Strength
Tue Sep 09 06:21:30 2025,09-Sep-2025,092130,47 29.620300 N,062 39.923600 W,3.3,151.7,A,Primary,Headline,2.795918,D,S,46278.000000
Tue Sep 09 06:21:31 2025,09-Sep-2025,092131,47 29.619400 N,062 39.922900 W,3.2,152.4,A,DoorSpread,DoorMaster,0.070000,D,S,23900.000000
Tue Sep 09 06:21:31 2025,09-Sep-2025,092132,47 29.618700 N,062 39.922500 W,3.2,152.8,A,DoorSpread,DoorMaster,0.070000,D,S,23900.000000
Tue Sep 09 06:21:31 2025,09-Sep-2025,092133,47 29.617900 N,062 39.922100 W,3.1,152.1,A,DoorSpread,DoorMaster,0.070000,D,S,23900.000000
Tue Sep 09 06:21:31 2025,09-Sep-2025,092134,47 29.617100 N,062 39.921600 W,3.1,151.6,A,DoorSpread,DoorMaster,0.070000,D,S,23900.000000
Tue Sep 09 06:21:31 2025,09-Sep-2025,092135,47 29.616300 N,062 39.921100 W,3.1,151.3,A,DoorSpread,DoorMaster,0.070000,D,S,23900.000000
Tue Sep 09 06:21:37 2025,09-Sep-2025,092136,47 29.615600 N,062 39.920700 W,3.1,151.1,A,DoorSpread,DoorMaster,1.260000,D,S,20711.000000
Tue Sep 09 06:21:37 2025,09-Sep-2025,092137,47 29.614900 N,062 39.920200 W,3.1,151.3,A,DoorSpread,DoorMaster,1.260000,D,S,20711.000000
Tue Sep 09 06:21:37 2025,09-Sep-2025,092138,47 29.614200 N,062 39.919900 W,3.0,152.0,A,DoorSpread,DoorMaster,1.260000,D,S,20711.000000
Tue Sep 09 06:21:37 2025,09-Sep-2025,092139,47 29.613400 N,062 39.919500 W,3.1,152.4,A,DoorSpread,DoorMaster,1.260000,D,S,20711.000000
Tue Sep 09 06:21:37 2025,09-Sep-2025,092140,47 29.612600 N,062 39.918900 W,3.1,152.6,A,DoorSpread,DoorMaster,1.260000,D,S,20711.000000
Tue Sep 09 06:21:37 2025,09-Sep-2025,092141,47 29.611900 N,062 39.918400 W,3.0,152.6,A,DoorSpread,DoorMaster,1.260000,D,S,20711.000000
Tue Sep 09 06:21:37 2025,09-Sep-2025,092142,47 29.611300 N,062 39.917800 W,2.9,152.1,A,DoorSpread,DoorMaster,1.260000,D,S,20711.000000
Tue Sep 09 06:21:37 2025,09-Sep-2025,092143,47 29.610600 N,062 39.917200 W,2.9,152.5,A,DoorSpread,DoorMaster,1.260000,D,S,20711.000000
Tue Sep 09 06:21:37 2025,09-Sep-2025,092144,47 29.609800 N,062 39.916700 W,3.0,153.1,A,DoorSpread,DoorMaster,1.260000,D,S,20711.000000
Tue Sep 09 06:21:37 2025,09-Sep-2025,092145,47 29.609100 N,062 39.916200 W,2.9,153.5,A,DoorSpread,DoorMaster,1.260000,D,S,20711.000000
Tue Sep 09 06:21:37 2025,09-Sep-2025,092146,47 29.608500 N,062 39.915600 W,2.9,152.8,A,DoorSpread,DoorMaster,1.260000,D,S,20711.000000
Tue Sep 09 06:21:37 2025,09-Sep-2025,092147,47 29.607900 N,062 39.914800 W,2.9,151.5,A,DoorSpread,DoorMaster,1.260000,D,S,20711.000000
Tue Sep 09 06:21:37 2025,09-Sep-2025,092148,47 29.607000 N,062 39.914100 W,3.0,151.7,A,DoorSpread,DoorMaster,1.260000,D,S,20711.000000
Tue Sep 09 06:21:37 2025,09-Sep-2025,092149,47 29.606200 N,062 39.913500 W,2.9,152.1,A,DoorSpread,DoorMaster,1.260000,D,S,20711.000000
Tue Sep 09 06:21:37 2025,09-Sep-2025,092150,47 29.605600 N,062 39.913000 W,2.8,152.7,A,DoorSpread,DoorMaster,1.260000,D,S,20711.000000
Tue Sep 09 06:21:37 2025,09-Sep-2025,092151,47 29.605000 N,062 39.912500 W,2.8,152.9,A,DoorSpread,DoorMaster,1.260000,D,S,20711.000000
Tue Sep 09 06:21:52 2025,09-Sep-2025,092152,47 29.604300 N,062 39.911900 W,2.8,152.4,A,DoorSpread,DoorMaster,1.785000,D,S,123114.000000
Tue Sep 09 06:21:52 2025,09-Sep-2025,092153,47 29.603500 N,062 39.911100 W,2.9,151.5,A,DoorSpread,DoorMaster,1.785000,D,S,123114.000000
Tue Sep 09 06:21:52 2025,09-Sep-2025,092154,47 29.602600 N,062 39.910500 W,3.0,152.6,A,DoorSpread,DoorMaster,1.785000,D,S,123114.000000
Tue Sep 09 06:21:52 2025,09-Sep-2025,092155,47 29.601600 N,062 39.909900 W,3.1,153.6,A,DoorSpread,DoorMaster,1.785000,D,S,123114.000000
Tue Sep 09 06:21:52 2025,09-Sep-2025,092156,47 29.600600 N,062 39.909300 W,3.2,153.7,A,DoorSpread,DoorMaster,1.785000,D,S,123114.000000
Tue Sep 09 06:21:57 2025,09-Sep-2025,092157,47 29.599800 N,062 39.908600 W,3.3,152.6,A,DoorSpread,DoorMaster,0.000000,E,S,378633.000000
Tue Sep 09 06:21:57 2025,09-Sep-2025,092158,47 29.599000 N,062 39.907900 W,3.4,151.9,A,DoorSpread,DoorMaster,0.000000,E,S,378633.000000
Tue Sep 09 06:21:57 2025,09-Sep-2025,092159,47 29.598000 N,062 39.907100 W,3.5,152.2,A,DoorSpread,DoorMaster,0.000000,E,S,378633.000000
Tue Sep 09 06:21:57 2025,09-Sep-2025,092200,47 29.596900 N,062 39.906300 W,3.7,152.2,A,DoorSpread,DoorMaster,0.000000,E,S,378633.000000
Tue Sep 09 06:21:57 2025,09-Sep-2025,092201,47 29.595900 N,062 39.905500 W,3.8,151.9,A,DoorSpread,DoorMaster,0.000000,E,S,378633.000000
Tue Sep 09 06:22:02 2025,09-Sep-2025,092202,47 29.594800 N,062 39.904600 W,3.9,152.3,A,DoorSpread,DoorMaster,0.000000,E,S,478626.000000
Tue Sep 09 06:22:02 2025,09-Sep-2025,092203,47 29.593700 N,062 39.903700 W,4.1,153.2,A,DoorSpread,DoorMaster,0.000000,E,S,478626.000000
Tue Sep 09 06:22:02 2025,09-Sep-2025,092204,47 29.592700 N,062 39.902900 W,4.2,152.9,A,DoorSpread,DoorMaster,0.000000,E,S,478626.000000
Tue Sep 09 06:22:02 2025,09-Sep-2025,092205,47 29.591600 N,062 39.901800 W,4.4,151.9,A,DoorSpread,DoorMaster,0.000000,E,S,478626.000000
Tue Sep 09 06:22:02 2025,09-Sep-2025,092206,47 29.590600 N,062 39.900700 W,4.5,151.7,A,DoorSpread,DoorMaster,0.000000,E,S,478626.000000
Tue Sep 09 06:22:08 2025,09-Sep-2025,092207,47 29.589600 N,062 39.899700 W,4.5,152.6,A,DoorSpread,DoorMaster,2.515000,D,S,514320.000000
Tue Sep 09 06:22:08 2025,09-Sep-2025,092208,47 29.588500 N,062 39.898900 W,4.6,153.0,A,DoorSpread,DoorMaster,2.515000,D,S,514320.000000
Tue Sep 09 06:22:08 2025,09-Sep-2025,092209,47 29.587400 N,062 39.897900 W,4.6,152.9,A,DoorSpread,DoorMaster,2.515000,D,S,514320.000000
Tue Sep 09 06:22:08 2025,09-Sep-2025,092210,47 29.586200 N,062 39.896800 W,4.7,152.5,A,DoorSpread,DoorMaster,2.515000,D,S,514320.000000
Tue Sep 09 06:22:08 2025,09-Sep-2025,092211,47 29.584900 N,062 39.895800 W,4.8,152.2,A,DoorSpread,DoorMaster,2.515000,D,S,514320.000000
Tue Sep 09 06:22:13 2025,09-Sep-2025,092212,47 29.583700 N,062 39.894700 W,4.8,152.1,A,DoorSpread,DoorMaster,3.040000,D,S,925728.000000
Tue Sep 09 06:22:13 2025,09-Sep-2025,092213,47 29.582300 N,062 39.893700 W,4.9,152.7,A,DoorSpread,DoorMaster,3.040000,D,S,925728.000000
Tue Sep 09 06:22:13 2025,09-Sep-2025,092214,47 29.581000 N,062 39.892800 W,4.9,153.0,A,DoorSpread,DoorMaster,3.040000,D,S,925728.000000
Tue Sep 09 06:22:13 2025,09-Sep-2025,092215,47 29.579600 N,062 39.891900 W,5.0,152.9,A,DoorSpread,DoorMaster,3.040000,D,S,925728.000000
Tue Sep 09 06:22:16 2025,09-Sep-2025,092216,47 29.578300 N,062 39.890900 W,5.0,152.4,A,Primary,Headline,6.714286,D,S,32727.000000
Tue Sep 09 06:22:16 2025,09-Sep-2025,092217,47 29.576900 N,062 39.889900 W,5.0,152.0,A,Primary,Headline,6.714286,D,S,32727.000000
Tue Sep 09 06:22:18 2025,09-Sep-2025,092218,47 29.575600 N,062 39.888800 W,5.0,152.0,A,DoorSpread,DoorMaster,3.440000,D,S,839885.000000
Tue Sep 09 06:22:18 2025,09-Sep-2025,092219,47 29.574200 N,062 39.887800 W,5.1,152.1,A,DoorSpread,DoorMaster,3.440000,D,S,839885.000000
Tue Sep 09 06:22:18 2025,09-Sep-2025,092220,47 29.572800 N,062 39.886800 W,5.1,152.3,A,DoorSpread,DoorMaster,3.440000,D,S,839885.000000
Tue Sep 09 06:22:21 2025,09-Sep-2025,092221,47 29.571500 N,062 39.885700 W,5.1,152.3,A,Primary,Headline,8.530612,D,S,60165.000000
Tue Sep 09 06:22:21 2025,09-Sep-2025,092222,47 29.570300 N,062 39.884700 W,5.1,152.4,A,Primary,Headline,8.530612,D,S,60165.000000
Tue Sep 09 06:22:24 2025,09-Sep-2025,092223,47 29.569000 N,062 39.883600 W,5.2,151.8,A,DoorSpread,DoorMaster,3.655000,D,S,610540.000000
Tue Sep 09 06:22:24 2025,09-Sep-2025,092224,47 29.567900 N,062 39.882400 W,5.2,150.9,A,DoorSpread,DoorMaster,3.655000,D,S,610540.000000
Tue Sep 09 06:22:24 2025,09-Sep-2025,092225,47 29.566600 N,062 39.881300 W,5.2,150.6,A,DoorSpread,DoorMaster,3.655000,D,S,610540.000000
Tue Sep 09 06:22:26 2025,09-Sep-2025,092226,47 29.565300 N,062 39.880300 W,5.2,151.3,A,Primary,Headline,9.591837,D,S,123442.000000
Tue Sep 09 06:22:26 2025,09-Sep-2025,092227,47 29.563900 N,062 39.879400 W,5.2,152.1,A,Primary,Headline,9.591837,D,S,123442.000000
Tue Sep 09 06:22:26 2025,09-Sep-2025,092228,47 29.562600 N,062 39.878400 W,5.2,152.4,A,Primary,Headline,9.591837,D,S,123442.000000
Tue Sep 09 06:22:29 2025,09-Sep-2025,092229,47 29.561200 N,062 39.877300 W,5.3,151.7,A,DoorSpread,DoorMaster,3.585000,D,S,347478.000000
Tue Sep 09 06:22:29 2025,09-Sep-2025,092230,47 29.559800 N,062 39.876100 W,5.3,151.0,A,DoorSpread,DoorMaster,3.585000,D,S,347478.000000
Tue Sep 09 06:22:31 2025,09-Sep-2025,092231,47 29.558400 N,062 39.875000 W,5.3,150.6,A,Primary,Headline,11.102041,D,S,49304.000000
Tue Sep 09 06:22:31 2025,09-Sep-2025,092232,47 29.557100 N,062 39.873900 W,5.3,150.6,A,Primary,Headline,11.102041,D,S,49304.000000
Tue Sep 09 06:22:33 2025,09-Sep-2025,092233,47 29.555800 N,062 39.873000 W,5.3,151.3,A,Depth,Depth,12.222222,D,S,101904.000000
Tue Sep 09 06:22:35 2025,09-Sep-2025,092234,47 29.554500 N,062 39.872100 W,5.3,151.7,A,DoorSpread,DoorMaster,3.625000,D,S,134477.000000
Tue Sep 09 06:22:35 2025,09-Sep-2025,092235,47 29.553400 N,062 39.871200 W,5.2,151.7,A,DoorSpread,DoorMaster,3.625000,D,S,134477.000000
Tue Sep 09 06:22:37 2025,09-Sep-2025,092236,47 29.552200 N,062 39.870100 W,5.2,151.0,A,Primary,Headline,10.204082,D,S,78431.000000
Tue Sep 09 06:22:37 2025,09-Sep-2025,092237,47 29.550900 N,062 39.869000 W,5.2,150.3,A,Primary,Headline,10.204082,D,S,78431.000000
Tue Sep 09 06:22:37 2025,09-Sep-2025,092238,47 29.549700 N,062 39.867900 W,5.3,150.2,A,Primary,Headline,10.204082,D,S,78431.000000
Tue Sep 09 06:22:37 2025,09-Sep-2025,092239,47 29.548400 N,062 39.866900 W,5.3,150.8,A,Primary,Headline,10.204082,D,S,78431.000000
Tue Sep 09 06:22:40 2025,09-Sep-2025,092240,47 29.547100 N,062 39.865900 W,5.3,151.4,A,Depth,Depth,13.240741,D,S,70146.000000
Tue Sep 09 06:22:40 2025,09-Sep-2025,092241,47 29.545800 N,062 39.865100 W,5.3,151.3,A,Depth,Depth,13.240741,D,S,70146.000000
Tue Sep 09 06:22:42 2025,09-Sep-2025,092242,47 29.544700 N,062 39.864200 W,5.2,150.6,A,Primary,Headline,11.734694,D,S,101407.000000
Tue Sep 09 06:22:42 2025,09-Sep-2025,092243,47 29.543600 N,062 39.863200 W,5.2,150.2,A,Primary,Headline,11.734694,D,S,101407.000000
Tue Sep 09 06:22:42 2025,09-Sep-2025,092244,47 29.542300 N,062 39.862100 W,5.2,150.5,A,Primary,Headline,11.734694,D,S,101407.000000
Tue Sep 09 06:22:45 2025,09-Sep-2025,092245,47 29.540900 N,062 39.861100 W,5.2,150.9,A,DoorSpread,DoorMaster,4.005000,D,S,389310.000000
Tue Sep 09 06:22:45 2025,09-Sep-2025,092246,47 29.539600 N,062 39.860100 W,5.2,151.1,A,DoorSpread,DoorMaster,4.005000,D,S,389310.000000
Tue Sep 09 06:22:47 2025,09-Sep-2025,092247,47 29.538200 N,062 39.859100 W,5.2,151.3,A,Primary,Headline,11.979592,D,S,81251.000000
Tue Sep 09 06:22:47 2025,09-Sep-2025,092248,47 29.536700 N,062 39.858100 W,5.3,151.5,A,Primary,Headline,11.979592,D,S,81251.000000
Tue Sep 09 06:22:47 2025,09-Sep-2025,092249,47 29.535300 N,062 39.857100 W,5.3,151.5,A,Primary,Headline,11.979592,D,S,81251.000000
Tue Sep 09 06:22:47 2025,09-Sep-2025,092250,47 29.534100 N,062 39.856100 W,5.3,151.4,A,Primary,Headline,11.979592,D,S,81251.000000
Tue Sep 09 06:22:51 2025,09-Sep-2025,092251,47 29.532900 N,062 39.855100 W,5.2,151.4,A,DoorSpread,DoorMaster,10.275000,D,P,260716.000000
Tue Sep 09 06:22:52 2025,09-Sep-2025,092252,47 29.531800 N,062 39.854100 W,5.2,151.5,A,Primary,Headline,13.387755,D,S,88961.000000
Tue Sep 09 06:22:52 2025,09-Sep-2025,092253,47 29.530600 N,062 39.853200 W,5.2,152.1,A,Primary,Headline,13.387755,D,S,88961.000000
Tue Sep 09 06:22:52 2025,09-Sep-2025,092254,47 29.529300 N,062 39.852400 W,5.2,152.5,A,Primary,Headline,13.387755,D,S,88961.000000
Tue Sep 09 06:22:52 2025,09-Sep-2025,092255,47 29.528000 N,062 39.851300 W,5.2,152.1,A,Primary,Headline,13.387755,D,S,88961.000000
Tue Sep 09 06:22:57 2025,09-Sep-2025,092256,47 29.526600 N,062 39.850100 W,5.3,151.7,A,DoorSpread,DoorMaster,4.015000,D,S,635468.000000
Tue Sep 09 06:22:57 2025,09-Sep-2025,092257,47 29.525200 N,062 39.849000 W,5.3,152.1,A,Primary,Headline,14.224490,D,S,126972.000000
Tue Sep 09 06:22:57 2025,09-Sep-2025,092258,47 29.523800 N,062 39.848100 W,5.3,152.5,A,Primary,Headline,14.224490,D,S,126972.000000
Tue Sep 09 06:22:57 2025,09-Sep-2025,092259,47 29.522500 N,062 39.847100 W,5.3,153.0,A,Primary,Headline,14.224490,D,S,126972.000000
Tue Sep 09 06:22:57 2025,09-Sep-2025,092300,47 29.521200 N,062 39.846200 W,5.2,153.1,A,Primary,Headline,14.224490,D,S,126972.000000
Tue Sep 09 06:23:01 2025,09-Sep-2025,092301,47 29.520100 N,062 39.845200 W,5.2,152.8,A,Depth,Depth,18.611111,D,S,66495.000000
Tue Sep 09 06:23:02 2025,09-Sep-2025,092302,47 29.518800 N,062 39.844100 W,5.2,152.7,A,DoorSpread,DoorMaster,4.260000,D,S,481988.000000
Tue Sep 09 06:23:03 2025,09-Sep-2025,092303,47 29.517500 N,062 39.843100 W,5.3,153.2,A,Primary,Headline,13.040816,D,S,92659.000000
Tue Sep 09 06:23:03 2025,09-Sep-2025,092304,47 29.516200 N,062 39.842100 W,5.3,153.3,A,Primary,Headline,13.040816,D,S,92659.000000
Tue Sep 09 06:23:03 2025,09-Sep-2025,092305,47 29.515000 N,062 39.841100 W,5.3,153.4,A,Primary,Headline,13.040816,D,S,92659.000000
Tue Sep 09 06:23:03 2025,09-Sep-2025,092306,47 29.513700 N,062 39.840100 W,5.3,153.8,A,Primary,Headline,13.040816,D,S,92659.000000
Tue Sep 09 06:23:08 2025,09-Sep-2025,092307,47 29.512500 N,062 39.839100 W,5.3,153.9,A,DoorSpread,DoorMaster,4.570000,D,S,505226.000000
Tue Sep 09 06:23:08 2025,09-Sep-2025,092308,47 29.511200 N,062 39.838100 W,5.2,153.9,A,Primary,Headline,16.795918,D,S,96861.000000
Tue Sep 09 06:23:08 2025,09-Sep-2025,092309,47 29.509900 N,062 39.837000 W,5.3,153.6,A,Primary,Headline,16.795918,D,S,96861.000000
Tue Sep 09 06:23:08 2025,09-Sep-2025,092310,47 29.508600 N,062 39.835900 W,5.3,153.3,A,Primary,Headline,16.795918,D,S,96861.000000
Tue Sep 09 06:23:08 2025,09-Sep-2025,092311,47 29.507300 N,062 39.834900 W,5.2,153.5,A,Primary,Headline,16.795918,D,S,96861.000000
Tue Sep 09 06:23:08 2025,09-Sep-2025,092312,47 29.505900 N,062 39.834000 W,5.3,153.7,A,Primary,Headline,16.795918,D,S,96861.000000
Tue Sep 09 06:23:14 2025,09-Sep-2025,092313,47 29.504500 N,062 39.833100 W,5.3,154.0,A,Primary,Headline,15.020408,D,S,101755.000000
Tue Sep 09 06:23:14 2025,09-Sep-2025,092314,47 29.503100 N,062 39.832300 W,5.2,154.2,A,DoorSpread,DoorMaster,20.070000,D,S,446281.000000
Tue Sep 09 06:23:14 2025,09-Sep-2025,092315,47 29.501700 N,062 39.831400 W,5.3,154.0,A,DoorSpread,DoorMaster,20.070000,D,S,446281.000000
Tue Sep 09 06:23:14 2025,09-Sep-2025,092316,47 29.500300 N,062 39.830400 W,5.3,153.3,A,DoorSpread,DoorMaster,20.070000,D,S,446281.000000
Tue Sep 09 06:23:14 2025,09-Sep-2025,092317,47 29.498900 N,062 39.829500 W,5.3,153.2,A,DoorSpread,DoorMaster,20.070000,D,S,446281.000000
Tue Sep 09 06:23:19 2025,09-Sep-2025,092318,47 29.497600 N,062 39.828600 W,5.3,153.5,A,Primary,Headline,17.857143,D,S,79738.000000
Tue Sep 09 06:23:20 2025,09-Sep-2025,092319,47 29.496300 N,062 39.827800 W,5.3,153.9,A,DoorSpread,DoorMaster,4.675000,D,S,437587.000000
Tue Sep 09 06:23:20 2025,09-Sep-2025,092320,47 29.495100 N,062 39.827000 W,5.2,154.4,A,DoorSpread,DoorMaster,4.675000,D,S,437587.000000
Tue Sep 09 06:23:20 2025,09-Sep-2025,092321,47 29.493800 N,062 39.826200 W,5.2,154.4,A,DoorSpread,DoorMaster,4.675000,D,S,437587.000000
Tue Sep 09 06:23:23 2025,09-Sep-2025,092322,47 29.492500 N,062 39.825300 W,5.3,153.9,A,Depth,Depth,28.518519,D,S,31973.000000
Tue Sep 09 06:23:23 2025,09-Sep-2025,092323,47 29.491200 N,062 39.824200 W,5.3,153.5,A,Depth,Depth,28.518519,D,S,31973.000000
Tue Sep 09 06:23:24 2025,09-Sep-2025,092324,47 29.489900 N,062 39.823200 W,5.3,153.4,A,Primary,Headline,19.326531,D,S,46784.000000
Tue Sep 09 06:23:24 2025,09-Sep-2025,092325,47 29.488600 N,062 39.822300 W,5.3,153.9,A,Primary,Headline,19.326531,D,S,46784.000000
Tue Sep 09 06:23:26 2025,09-Sep-2025,092326,47 29.487300 N,062 39.821400 W,5.3,153.8,A,DoorSpread,DoorMaster,22.985000,D,P,254800.000000
Tue Sep 09 06:23:26 2025,09-Sep-2025,092327,47 29.486200 N,062 39.820300 W,5.2,153.4,A,DoorSpread,DoorMaster,22.985000,D,P,254800.000000
Tue Sep 09 06:23:26 2025,09-Sep-2025,092328,47 29.485100 N,062 39.819400 W,5.2,153.0,A,DoorSpread,DoorMaster,22.985000,D,P,254800.000000
Tue Sep 09 06:23:29 2025,09-Sep-2025,092329,47 29.483900 N,062 39.818300 W,5.1,152.5,A,Primary,Headline,19.938776,D,P,34269.000000
Tue Sep 09 06:23:29 2025,09-Sep-2025,092330,47 29.482700 N,062 39.817100 W,5.2,151.9,A,Primary,Headline,19.938776,D,P,34269.000000
Tue Sep 09 06:23:32 2025,09-Sep-2025,092331,47 29.481400 N,062 39.815900 W,5.2,151.6,A,DoorSpread,DoorMaster,4.795000,D,S,176448.000000
Tue Sep 09 06:23:32 2025,09-Sep-2025,092332,47 29.480000 N,062 39.814700 W,5.3,152.3,A,DoorSpread,DoorMaster,4.795000,D,S,176448.000000
Tue Sep 09 06:23:32 2025,09-Sep-2025,092333,47 29.478600 N,062 39.813700 W,5.3,152.7,A,DoorSpread,DoorMaster,4.795000,D,S,176448.000000
Tue Sep 09 06:23:34 2025,09-Sep-2025,092334,47 29.477200 N,062 39.812700 W,5.2,152.6,A,Primary,Headline,21.897959,D,S,27034.000000
Tue Sep 09 06:23:34 2025,09-Sep-2025,092335,47 29.475900 N,062 39.811700 W,5.2,152.0,A,Primary,Headline,21.897959,D,S,27034.000000
Tue Sep 09 06:23:34 2025,09-Sep-2025,092336,47 29.474800 N,062 39.810700 W,5.2,151.3,A,Primary,Headline,21.897959,D,S,27034.000000
Tue Sep 09 06:23:37 2025,09-Sep-2025,092337,47 29.473600 N,062 39.809600 W,5.1,150.6,A,DoorSpread,DoorMaster,4.845000,D,S,173476.000000
Tue Sep 09 06:23:37 2025,09-Sep-2025,092338,47 29.472300 N,062 39.808600 W,5.2,150.9,A,DoorSpread,DoorMaster,4.845000,D,S,173476.000000
Tue Sep 09 06:23:37 2025,09-Sep-2025,092339,47 29.471100 N,062 39.807600 W,5.2,151.5,A,DoorSpread,DoorMaster,4.845000,D,S,173476.000000
Tue Sep 09 06:23:40 2025,09-Sep-2025,092340,47 29.469900 N,062 39.806800 W,5.1,151.7,A,Primary,Headline,21.122449,D,S,36437.000000
Tue Sep 09 06:23:40 2025,09-Sep-2025,092341,47 29.468600 N,062 39.805900 W,5.1,151.8,A,Primary,Headline,21.122449,D,S,36437.000000
Tue Sep 09 06:23:43 2025,09-Sep-2025,092342,47 29.467300 N,062 39.804800 W,5.2,151.4,A,DoorSpread,DoorMaster,4.935000,D,S,227426.000000
Tue Sep 09 06:23:43 2025,09-Sep-2025,092343,47 29.466000 N,062 39.803600 W,5.2,150.7,A,DoorSpread,DoorMaster,4.935000,D,S,227426.000000
Tue Sep 09 06:23:44 2025,09-Sep-2025,092344,47 29.464700 N,062 39.802400 W,5.3,150.1,A,Depth,Depth,33.981481,D,S,37171.000000
Tue Sep 09 06:23:45 2025,09-Sep-2025,092345,47 29.463500 N,062 39.801200 W,5.3,149.7,A,Primary,Headline,21.571429,D,S,52417.000000
Tue Sep 09 06:23:45 2025,09-Sep-2025,092346,47 29.462200 N,062 39.800100 W,5.2,150.2,A,Primary,Headline,21.571429,D,S,52417.000000
Tue Sep 09 06:23:45 2025,09-Sep-2025,092347,47 29.461000 N,062 39.799200 W,5.2,151.1,A,Primary,Headline,21.571429,D,S,52417.000000
Tue Sep 09 06:23:48 2025,09-Sep-2025,092348,47 29.459700 N,062 39.798300 W,5.2,151.4,A,DoorSpread,DoorMaster,5.000000,D,S,234057.000000
Tue Sep 09 06:23:48 2025,09-Sep-2025,092349,47 29.458500 N,062 39.797200 W,5.3,151.0,A,DoorSpread,DoorMaster,5.000000,D,S,234057.000000
Tue Sep 09 06:23:51 2025,09-Sep-2025,092350,47 29.457200 N,062 39.796100 W,5.3,150.4,A,Primary,Headline,27.102041,D,S,36351.000000
Tue Sep 09 06:23:51 2025,09-Sep-2025,092351,47 29.455900 N,062 39.794800 W,5.4,150.1,A,Depth,Depth,35.000000,D,S,24799.000000
Tue Sep 09 06:23:51 2025,09-Sep-2025,092352,47 29.454600 N,062 39.793700 W,5.4,150.5,A,Depth,Depth,35.000000,D,S,24799.000000
Tue Sep 09 06:23:54 2025,09-Sep-2025,092353,47 29.453200 N,062 39.792800 W,5.4,151.3,A,DoorSpread,DoorMaster,5.105000,D,S,267363.000000
Tue Sep 09 06:23:54 2025,09-Sep-2025,092354,47 29.451800 N,062 39.791900 W,5.4,151.7,A,DoorSpread,DoorMaster,5.105000,D,S,267363.000000
Tue Sep 09 06:23:54 2025,09-Sep-2025,092355,47 29.450500 N,062 39.790800 W,5.4,151.3,A,DoorSpread,DoorMaster,5.105000,D,S,267363.000000
Tue Sep 09 06:23:56 2025,09-Sep-2025,092356,47 29.449200 N,062 39.789700 W,5.4,150.8,A,Primary,Headline,23.122449,D,S,74052.000000
Tue Sep 09 06:23:56 2025,09-Sep-2025,092357,47 29.448000 N,062 39.788600 W,5.4,150.3,A,Primary,Headline,23.122449,D,S,74052.000000
Tue Sep 09 06:23:56 2025,09-Sep-2025,092358,47 29.446700 N,062 39.787500 W,5.4,150.4,A,Primary,Headline,23.122449,D,S,74052.000000
Tue Sep 09 06:23:59 2025,09-Sep-2025,092359,47 29.445400 N,062 39.786500 W,5.4,150.8,A,DoorSpread,DoorMaster,5.180000,D,S,136884.000000
Tue Sep 09 06:23:59 2025,09-Sep-2025,092400,47 29.444000 N,062 39.785400 W,5.4,151.0,A,DoorSpread,DoorMaster,5.180000,D,S,136884.000000
Tue Sep 09 06:24:01 2025,09-Sep-2025,092401,47 29.442600 N,062 39.784200 W,5.4,151.1,A,Primary,Headline,26.448980,D,S,34747.000000
Tue Sep 09 06:24:01 2025,09-Sep-2025,092402,47 29.441300 N,062 39.782900 W,5.4,150.9,A,Primary,Headline,26.448980,D,S,34747.000000
Tue Sep 09 06:24:01 2025,09-Sep-2025,092403,47 29.440000 N,062 39.781600 W,5.5,150.5,A,Primary,Headline,26.448980,D,S,34747.000000
Tue Sep 09 06:24:05 2025,09-Sep-2025,092404,47 29.438800 N,062 39.780500 W,5.5,150.4,A,DoorSpread,DoorMaster,5.240000,D,S,155818.000000
Tue Sep 09 06:24:05 2025,09-Sep-2025,092405,47 29.437500 N,062 39.779400 W,5.5,150.9,A,DoorSpread,DoorMaster,5.240000,D,S,155818.000000
Tue Sep 09 06:24:05 2025,09-Sep-2025,092406,47 29.436200 N,062 39.778300 W,5.6,151.3,A,DoorSpread,DoorMaster,5.240000,D,S,155818.000000
Tue Sep 09 06:24:07 2025,09-Sep-2025,092407,47 29.435000 N,062 39.776900 W,5.5,151.2,A,Primary,Headline,26.020408,D,S,64417.000000
Tue Sep 09 06:24:07 2025,09-Sep-2025,092408,47 29.433900 N,062 39.775600 W,5.4,150.5,A,Primary,Headline,26.020408,D,S,64417.000000
Tue Sep 09 06:24:07 2025,09-Sep-2025,092409,47 29.432900 N,062 39.774300 W,5.4,150.1,A,Primary,Headline,26.020408,D,S,64417.000000
Tue Sep 09 06:24:10 2025,09-Sep-2025,092410,47 29.431700 N,062 39.773200 W,5.4,150.3,A,DoorSpread,DoorMaster,5.490000,D,S,102784.000000
Tue Sep 09 06:24:10 2025,09-Sep-2025,092411,47 29.430400 N,062 39.772100 W,5.4,150.7,A,DoorSpread,DoorMaster,5.490000,D,S,102784.000000
Tue Sep 09 06:24:13 2025,09-Sep-2025,092412,47 29.429100 N,062 39.771200 W,5.4,151.4,A,Primary,Headline,31.571429,D,P,36507.000000
Tue Sep 09 06:24:13 2025,09-Sep-2025,092413,47 29.427800 N,062 39.770300 W,5.4,152.0,A,Primary,Headline,31.571429,D,P,36507.000000
Tue Sep 09 06:24:13 2025,09-Sep-2025,092414,47 29.426600 N,062 39.769300 W,5.4,151.7,A,Primary,Headline,31.571429,D,P,36507.000000
Tue Sep 09 06:24:16 2025,09-Sep-2025,092415,47 29.425300 N,062 39.768100 W,5.5,150.6,A,DoorSpread,DoorMaster,5.635000,D,S,110917.000000
Tue Sep 09 06:24:16 2025,09-Sep-2025,092416,47 29.424100 N,062 39.766800 W,5.5,149.7,A,DoorSpread,DoorMaster,5.635000,D,S,110917.000000
Tue Sep 09 06:24:16 2025,09-Sep-2025,092417,47 29.422900 N,062 39.765700 W,5.4,150.1,A,DoorSpread,DoorMaster,5.635000,D,S,110917.000000
Tue Sep 09 06:24:18 2025,09-Sep-2025,092418,47 29.421700 N,062 39.765000 W,5.4,151.5,A,Primary,Headline,27.326531,D,P,43712.000000
Tue Sep 09 06:24:19 2025,09-Sep-2025,092419,47 29.420400 N,062 39.764100 W,5.4,151.7,A,Depth,Depth,29.351852,D,S,25701.000000
Tue Sep 09 06:24:19 2025,09-Sep-2025,092420,47 29.419200 N,062 39.763000 W,5.3,151.5,A,Depth,Depth,29.351852,D,S,25701.000000
Tue Sep 09 06:24:22 2025,09-Sep-2025,092421,47 29.417900 N,062 39.761800 W,5.3,150.6,A,DoorSpread,DoorMaster,5.730000,D,S,92625.000000
Tue Sep 09 06:24:22 2025,09-Sep-2025,092422,47 29.416500 N,062 39.760700 W,5.4,150.4,A,DoorSpread,DoorMaster,5.730000,D,S,92625.000000
Tue Sep 09 06:24:23 2025,09-Sep-2025,092423,47 29.415000 N,062 39.759600 W,5.4,150.7,A,Primary,Headline,36.795918,D,P,96852.000000
Tue Sep 09 06:24:23 2025,09-Sep-2025,092424,47 29.413500 N,062 39.758700 W,5.4,151.3,A,Primary,Headline,36.795918,D,P,96852.000000
Tue Sep 09 06:24:23 2025,09-Sep-2025,092425,47 29.412000 N,062 39.757800 W,5.4,152.1,A,Primary,Headline,36.795918,D,P,96852.000000
Tue Sep 09 06:24:27 2025,09-Sep-2025,092426,47 29.410600 N,062 39.756900 W,5.4,151.8,A,DoorSpread,DoorMaster,6.120000,D,S,132807.000000
Tue Sep 09 06:24:27 2025,09-Sep-2025,092427,47 29.409300 N,062 39.755900 W,5.3,150.6,A,DoorSpread,DoorMaster,6.120000,D,S,132807.000000
Tue Sep 09 06:24:27 2025,09-Sep-2025,092428,47 29.408000 N,062 39.754800 W,5.3,149.6,A,DoorSpread,DoorMaster,6.120000,D,S,132807.000000
Tue Sep 09 06:24:29 2025,09-Sep-2025,092429,47 29.406700 N,062 39.753800 W,5.3,149.5,A,Primary,Headline,30.979592,D,S,44339.000000
Tue Sep 09 06:24:29 2025,09-Sep-2025,092430,47 29.405300 N,062 39.752900 W,5.3,149.8,A,Primary,Headline,30.979592,D,S,44339.000000
Tue Sep 09 06:24:29 2025,09-Sep-2025,092431,47 29.404000 N,062 39.751900 W,5.4,150.3,A,Primary,Headline,30.979592,D,S,44339.000000
Tue Sep 09 06:24:33 2025,09-Sep-2025,092432,47 29.402600 N,062 39.750700 W,5.4,150.4,A,DoorSpread,DoorMaster,6.300000,D,S,136223.000000
Tue Sep 09 06:24:34 2025,09-Sep-2025,092433,47 29.401300 N,062 39.749500 W,5.3,150.0,A,Depth,Depth,43.981481,D,S,26549.000000
Tue Sep 09 06:24:35 2025,09-Sep-2025,092434,47 29.400000 N,062 39.748300 W,5.3,149.3,A,Primary,Headline,52.489796,D,P,44950.000000
Tue Sep 09 06:24:35 2025,09-Sep-2025,092435,47 29.398700 N,062 39.747100 W,5.3,149.1,A,Primary,Headline,50.795918,D,S,48286.000000
Tue Sep 09 06:24:35 2025,09-Sep-2025,092436,47 29.397400 N,062 39.746000 W,5.3,149.0,A,Primary,Headline,50.795918,D,S,48286.000000
Tue Sep 09 06:24:35 2025,09-Sep-2025,092437,47 29.396200 N,062 39.744800 W,5.3,148.5,A,Primary,Headline,50.795918,D,S,48286.000000
Tue Sep 09 06:24:38 2025,09-Sep-2025,092438,47 29.395000 N,062 39.743700 W,5.3,148.8,A,DoorSpread,DoorMaster,6.320000,D,S,75866.000000
Tue Sep 09 06:24:38 2025,09-Sep-2025,092439,47 29.393800 N,062 39.742700 W,5.3,149.0,A,DoorSpread,DoorMaster,6.320000,D,S,75866.000000
Tue Sep 09 06:24:41 2025,09-Sep-2025,092440,47 29.392600 N,062 39.741700 W,5.3,149.3,A,Primary,Headline,33.122449,D,S,74066.000000
Tue Sep 09 06:24:41 2025,09-Sep-2025,092441,47 29.391300 N,062 39.740700 W,5.4,149.8,A,Depth,Depth,37.870370,D,S,37064.000000
Tue Sep 09 06:24:41 2025,09-Sep-2025,092442,47 29.390000 N,062 39.739600 W,5.3,149.2,A,Depth,Depth,37.870370,D,S,37064.000000
Tue Sep 09 06:24:44 2025,09-Sep-2025,092443,47 29.388900 N,062 39.738400 W,5.3,148.2,A,DoorSpread,DoorMaster,6.080000,D,S,180722.000000
Tue Sep 09 06:24:44 2025,09-Sep-2025,092444,47 29.387700 N,062 39.737200 W,5.3,148.3,A,DoorSpread,DoorMaster,6.080000,D,S,180722.000000
Tue Sep 09 06:24:45 2025,09-Sep-2025,092445,47 29.386400 N,062 39.736100 W,5.3,149.0,A,Primary,Headline,8.877551,D,S,55142.000000
Tue Sep 09 06:24:45 2025,09-Sep-2025,092446,47 29.385100 N,062 39.735000 W,5.3,149.4,A,Primary,Headline,8.877551,D,S,55142.000000
Tue Sep 09 06:24:45 2025,09-Sep-2025,092447,47 29.383700 N,062 39.733900 W,5.3,149.7,A,Primary,Headline,8.877551,D,S,55142.000000
Tue Sep 09 06:24:48 2025,09-Sep-2025,092448,47 29.382400 N,062 39.732800 W,5.4,150.0,A,Depth,Depth,30.277778,D,S,30530.000000
Tue Sep 09 06:24:49 2025,09-Sep-2025,092449,47 29.381100 N,062 39.731700 W,5.4,149.7,A,DoorSpread,DoorMaster,6.020000,D,S,142557.000000
Tue Sep 09 06:24:49 2025,09-Sep-2025,092450,47 29.379800 N,062 39.730400 W,5.4,149.0,A,DoorSpread,DoorMaster,6.020000,D,S,142557.000000
Tue Sep 09 06:24:51 2025,09-Sep-2025,092451,47 29.378600 N,062 39.729300 W,5.4,148.7,A,Primary,Headline,50.204082,D,S,41045.000000
Tue Sep 09 06:24:51 2025,09-Sep-2025,092452,47 29.377400 N,062 39.728200 W,5.4,149.0,A,Primary,Headline,50.204082,D,S,41045.000000
Tue Sep 09 06:24:51 2025,09-Sep-2025,092453,47 29.376100 N,062 39.727200 W,5.4,149.7,A,Primary,Headline,50.204082,D,S,41045.000000
Tue Sep 09 06:24:51 2025,09-Sep-2025,092454,47 29.374700 N,062 39.726100 W,5.4,150.3,A,Primary,Headline,50.204082,D,S,41045.000000
Tue Sep 09 06:24:55 2025,09-Sep-2025,092455,47 29.373500 N,062 39.725000 W,5.3,150.4,A,Depth,Depth,43.055556,D,S,47348.000000
Tue Sep 09 06:24:55 2025,09-Sep-2025,092456,47 29.372100 N,062 39.723800 W,5.4,150.2,A,Depth,Depth,43.055556,D,S,47348.000000
Tue Sep 09 06:24:57 2025,09-Sep-2025,092457,47 29.370800 N,062 39.722400 W,5.4,149.8,A,Primary,Headline,36.408163,D,S,54699.000000
Tue Sep 09 06:24:57 2025,09-Sep-2025,092458,47 29.369500 N,062 39.721200 W,5.4,149.0,A,Primary,Headline,36.408163,D,S,54699.000000
Tue Sep 09 06:24:57 2025,09-Sep-2025,092459,47 29.368300 N,062 39.720100 W,5.4,148.7,A,Primary,Headline,36.408163,D,S,54699.000000
Tue Sep 09 06:25:01 2025,09-Sep-2025,092500,47 29.367100 N,062 39.719000 W,5.4,148.7,A,DoorSpread,DoorMaster,6.200000,D,S,141633.000000
Tue Sep 09 06:25:01 2025,09-Sep-2025,092501,47 29.365900 N,062 39.717900 W,5.3,148.8,A,DoorSpread,DoorMaster,6.200000,D,S,141633.000000
Tue Sep 09 06:25:03 2025,09-Sep-2025,092502,47 29.364600 N,062 39.716900 W,5.3,149.2,A,Primary,Headline,37.571429,D,S,35857.000000
Tue Sep 09 06:25:03 2025,09-Sep-2025,092503,47 29.363400 N,062 39.716000 W,5.3,149.5,A,Primary,Headline,37.571429,D,S,35857.000000
Tue Sep 09 06:25:03 2025,09-Sep-2025,092504,47 29.362200 N,062 39.714900 W,5.4,149.3,A,Primary,Headline,37.571429,D,S,35857.000000
Tue Sep 09 06:25:06 2025,09-Sep-2025,092505,47 29.361000 N,062 39.713800 W,5.4,148.8,A,DoorSpread,DoorMaster,0.000000,E,S,139760.000000
Tue Sep 09 06:25:06 2025,09-Sep-2025,092506,47 29.359700 N,062 39.712600 W,5.5,148.6,A,DoorSpread,DoorMaster,0.000000,E,S,139760.000000
Tue Sep 09 06:25:06 2025,09-Sep-2025,092507,47 29.358400 N,062 39.711500 W,5.4,148.8,A,DoorSpread,DoorMaster,0.000000,E,S,139760.000000
Tue Sep 09 06:25:08 2025,09-Sep-2025,092508,47 29.357100 N,062 39.710400 W,5.4,149.3,A,Primary,Headline,36.918367,D,S,47379.000000
Tue Sep 09 06:25:08 2025,09-Sep-2025,092509,47 29.355800 N,062 39.709400 W,5.2,149.1,A,Primary,Headline,36.918367,D,S,47379.000000
Tue Sep 09 06:25:08 2025,09-Sep-2025,092510,47 29.354600 N,062 39.708200 W,5.2,148.7,A,Primary,Headline,36.918367,D,S,47379.000000
Tue Sep 09 06:25:11 2025,09-Sep-2025,092511,47 29.353300 N,062 39.707000 W,5.1,148.8,A,DoorSpread,DoorMaster,5.990000,D,P,69387.000000
Tue Sep 09 06:25:11 2025,09-Sep-2025,092512,47 29.351900 N,062 39.705900 W,5.1,149.1,A,DoorSpread,DoorMaster,5.990000,D,P,69387.000000
Tue Sep 09 06:25:11 2025,09-Sep-2025,092513,47 29.350600 N,062 39.704900 W,5.0,149.0,A,DoorSpread,DoorMaster,5.990000,D,P,69387.000000
Tue Sep 09 06:25:14 2025,09-Sep-2025,092514,47 29.349400 N,062 39.703900 W,4.9,149.3,A,Primary,Headline,52.489796,D,S,65312.000000
Tue Sep 09 06:25:14 2025,09-Sep-2025,092515,47 29.348300 N,062 39.703100 W,4.8,149.9,A,Primary,Headline,52.489796,D,S,65312.000000
Tue Sep 09 06:25:17 2025,09-Sep-2025,092516,47 29.347200 N,062 39.702400 W,4.6,149.9,A,Depth,Depth,86.481481,D,S,13293.000000
Tue Sep 09 06:25:17 2025,09-Sep-2025,092517,47 29.346400 N,062 39.701600 W,4.3,149.5,A,Depth,Depth,86.481481,D,S,13293.000000
Tue Sep 09 06:25:17 2025,09-Sep-2025,092518,47 29.345500 N,062 39.701000 W,4.2,149.7,A,Depth,Depth,86.481481,D,S,13293.000000
Tue Sep 09 06:25:17 2025,09-Sep-2025,092519,47 29.344700 N,062 39.700400 W,4.0,150.2,A,Depth,Depth,86.481481,D,S,13293.000000
Tue Sep 09 06:25:20 2025,09-Sep-2025,092520,47 29.344000 N,062 39.699800 W,3.9,150.7,A,Primary,Headline,40.734694,D,S,60226.000000
Tue Sep 09 06:25:20 2025,09-Sep-2025,092521,47 29.343200 N,062 39.699400 W,3.8,151.1,A,Primary,Headline,40.734694,D,S,60226.000000
Tue Sep 09 06:25:22 2025,09-Sep-2025,092522,47 29.342500 N,062 39.698900 W,3.7,151.2,A,DoorSpread,DoorMaster,6.070000,D,S,352726.000000
Tue Sep 09 06:25:22 2025,09-Sep-2025,092523,47 29.341700 N,062 39.698300 W,3.6,150.6,A,DoorSpread,DoorMaster,6.070000,D,S,352726.000000
Tue Sep 09 06:25:24 2025,09-Sep-2025,092524,47 29.341000 N,062 39.697700 W,3.4,150.3,A,Depth,Depth,44.166667,D,P,28292.000000
Tue Sep 09 06:25:26 2025,09-Sep-2025,092525,47 29.340500 N,062 39.697100 W,3.2,150.3,A,Primary,Headline,40.816327,D,S,49010.000000
Tue Sep 09 06:25:26 2025,09-Sep-2025,092526,47 29.339900 N,062 39.696500 W,3.2,150.8,A,Primary,Headline,40.816327,D,S,49010.000000
Tue Sep 09 06:25:26 2025,09-Sep-2025,092527,47 29.339200 N,062 39.695900 W,3.2,151.0,A,Primary,Headline,40.816327,D,S,49010.000000
Tue Sep 09 06:25:28 2025,09-Sep-2025,092528,47 29.338500 N,062 39.695200 W,3.1,151.0,A,DoorSpread,DoorMaster,6.250000,D,P,140530.000000
Tue Sep 09 06:25:28 2025,09-Sep-2025,092529,47 29.338000 N,062 39.694700 W,2.9,151.3,A,DoorSpread,DoorMaster,6.250000,D,P,140530.000000
Tue Sep 09 06:25:28 2025,09-Sep-2025,092530,47 29.337500 N,062 39.694400 W,2.9,151.6,A,DoorSpread,DoorMaster,6.250000,D,P,140530.000000
Tue Sep 09 06:25:31 2025,09-Sep-2025,092531,47 29.336900 N,062 39.694000 W,2.8,151.7,A,Depth,Depth,46.481481,D,P,27110.000000
Tue Sep 09 06:25:31 2025,09-Sep-2025,092532,47 29.336400 N,062 39.693500 W,2.7,151.9,A,Depth,Depth,46.481481,D,P,27110.000000
Tue Sep 09 06:25:34 2025,09-Sep-2025,092533,47 29.335900 N,062 39.693100 W,2.6,152.1,A,DoorSpread,DoorMaster,6.160000,D,S,50673.000000
Tue Sep 09 06:25:34 2025,09-Sep-2025,092534,47 29.335500 N,062 39.692800 W,2.5,152.1,A,DoorSpread,DoorMaster,6.160000,D,S,50673.000000
Tue Sep 09 06:25:34 2025,09-Sep-2025,092535,47 29.335000 N,062 39.692400 W,2.6,151.9,A,DoorSpread,DoorMaster,6.160000,D,S,50673.000000
Tue Sep 09 06:25:34 2025,09-Sep-2025,092536,47 29.334500 N,062 39.692000 W,2.5,152.2,A,DoorSpread,DoorMaster,6.160000,D,S,50673.000000
Tue Sep 09 06:25:34 2025,09-Sep-2025,092537,47 29.334000 N,062 39.691700 W,2.4,153.0,A,DoorSpread,DoorMaster,6.160000,D,S,50673.000000
Tue Sep 09 06:25:39 2025,09-Sep-2025,092538,47 29.333500 N,062 39.691400 W,2.4,153.6,A,DoorSpread,DoorMaster,0.000000,E,S,52166.000000
Tue Sep 09 06:25:39 2025,09-Sep-2025,092539,47 29.333100 N,062 39.691000 W,2.3,153.0,A,DoorSpread,DoorMaster,0.000000,E,S,52166.000000
Tue Sep 09 06:25:39 2025,09-Sep-2025,092540,47 29.332500 N,062 39.690500 W,2.3,152.0,A,DoorSpread,DoorMaster,0.000000,E,S,52166.000000
Tue Sep 09 06:25:39 2025,09-Sep-2025,092541,47 29.331900 N,062 39.690000 W,2.3,152.0,A,DoorSpread,DoorMaster,0.000000,E,S,52166.000000
Tue Sep 09 06:25:43 2025,09-Sep-2025,092542,47 29.331300 N,062 39.689600 W,2.2,153.2,A,Primary,Headline,51.428571,D,S,90313.000000
Tue Sep 09 06:25:43 2025,09-Sep-2025,092543,47 29.330700 N,062 39.689300 W,2.2,154.2,A,Primary,Headline,51.428571,D,S,90313.000000
Tue Sep 09 06:25:44 2025,09-Sep-2025,092544,47 29.330200 N,062 39.688900 W,2.2,154.2,A,DoorSpread,DoorMaster,5.990000,D,S,74695.000000
Tue Sep 09 06:25:46 2025,09-Sep-2025,092545,47 29.329500 N,062 39.688400 W,2.2,153.6,A,Depth,Depth,50.185185,D,S,59941.000000
Tue Sep 09 06:25:46 2025,09-Sep-2025,092546,47 29.329000 N,062 39.687900 W,2.1,153.1,A,Depth,Depth,50.185185,D,S,59941.000000
Tue Sep 09 06:25:46 2025,09-Sep-2025,092547,47 29.328500 N,062 39.687700 W,2.1,153.0,A,Depth,Depth,50.185185,D,S,59941.000000
Tue Sep 09 06:25:49 2025,09-Sep-2025,092548,47 29.328000 N,062 39.687400 W,2.1,154.1,A,Primary,Headline,47.061224,D,S,88233.000000
Tue Sep 09 06:25:50 2025,09-Sep-2025,092549,47 29.327500 N,062 39.687100 W,2.1,154.9,A,DoorSpread,DoorMaster,6.500000,D,S,201684.000000
Tue Sep 09 06:25:50 2025,09-Sep-2025,092550,47 29.327100 N,062 39.686800 W,2.0,155.0,A,DoorSpread,DoorMaster,6.500000,D,S,201684.000000
Tue Sep 09 06:25:50 2025,09-Sep-2025,092551,47 29.326700 N,062 39.686400 W,2.0,154.8,A,DoorSpread,DoorMaster,6.500000,D,S,201684.000000
Tue Sep 09 06:25:53 2025,09-Sep-2025,092552,47 29.326300 N,062 39.686000 W,2.1,154.5,A,Depth,Depth,54.907407,D,S,35182.000000
Tue Sep 09 06:25:53 2025,09-Sep-2025,092553,47 29.325600 N,062 39.685600 W,2.1,154.3,A,Depth,Depth,54.907407,D,S,35182.000000
Tue Sep 09 06:25:54 2025,09-Sep-2025,092554,47 29.325100 N,062 39.685300 W,2.1,154.5,A,Primary,Headline,50.224490,D,P,48387.000000
Tue Sep 09 06:25:55 2025,09-Sep-2025,092555,47 29.324600 N,062 39.685100 W,2.0,154.8,A,DoorSpread,DoorMaster,5.765000,D,S,237522.000000
Tue Sep 09 06:25:55 2025,09-Sep-2025,092556,47 29.324100 N,062 39.684800 W,2.0,154.9,A,DoorSpread,DoorMaster,5.765000,D,S,237522.000000
Tue Sep 09 06:25:55 2025,09-Sep-2025,092557,47 29.323700 N,062 39.684400 W,2.1,153.8,A,DoorSpread,DoorMaster,5.765000,D,S,237522.000000
Tue Sep 09 06:25:55 2025,09-Sep-2025,092558,47 29.323200 N,062 39.683700 W,2.1,152.5,A,DoorSpread,DoorMaster,5.765000,D,S,237522.000000
Tue Sep 09 06:25:55 2025,09-Sep-2025,092559,47 29.322700 N,062 39.683200 W,2.0,152.0,A,DoorSpread,DoorMaster,5.765000,D,S,237522.000000
Tue Sep 09 06:26:01 2025,09-Sep-2025,092600,47 29.322300 N,062 39.683000 W,2.1,152.6,A,DoorSpread,DoorMaster,5.645000,D,S,219605.000000
Tue Sep 09 06:26:01 2025,09-Sep-2025,092601,47 29.321700 N,062 39.682500 W,2.2,153.0,A,DoorSpread,DoorMaster,5.645000,D,S,219605.000000
Tue Sep 09 06:26:01 2025,09-Sep-2025,092602,47 29.321200 N,062 39.682000 W,2.1,152.8,A,DoorSpread,DoorMaster,5.645000,D,S,219605.000000
Tue Sep 09 06:26:01 2025,09-Sep-2025,092603,47 29.320800 N,062 39.681500 W,2.1,152.4,A,DoorSpread,DoorMaster,5.645000,D,S,219605.000000
Tue Sep 09 06:26:01 2025,09-Sep-2025,092604,47 29.320300 N,062 39.681000 W,2.1,152.3,A,DoorSpread,DoorMaster,5.645000,D,S,219605.000000
Tue Sep 09 06:26:06 2025,09-Sep-2025,092605,47 29.319700 N,062 39.680700 W,2.2,152.4,A,Primary,Headline,18.530612,D,S,54136.000000
Tue Sep 09 06:26:07 2025,09-Sep-2025,092606,47 29.319200 N,062 39.680400 W,2.1,152.6,A,DoorSpread,DoorMaster,5.800000,D,P,209304.000000
Tue Sep 09 06:26:07 2025,09-Sep-2025,092607,47 29.318800 N,062 39.680000 W,2.1,152.7,A,Depth,Depth,60.277778,D,P,58205.000000
Tue Sep 09 06:26:07 2025,09-Sep-2025,092608,47 29.318300 N,062 39.679600 W,2.1,152.0,A,Depth,Depth,60.277778,D,P,58205.000000
Tue Sep 09 06:26:07 2025,09-Sep-2025,092609,47 29.317700 N,062 39.679100 W,2.2,151.6,A,Depth,Depth,60.277778,D,P,58205.000000
Tue Sep 09 06:26:11 2025,09-Sep-2025,092610,47 29.317100 N,062 39.678600 W,2.2,151.5,A,Primary,Headline,24.448980,D,P,33548.000000
Tue Sep 09 06:26:11 2025,09-Sep-2025,092611,47 29.316500 N,062 39.678300 W,2.2,151.5,A,Primary,Headline,24.448980,D,P,33548.000000
Tue Sep 09 06:26:12 2025,09-Sep-2025,092612,47 29.316000 N,062 39.677900 W,2.1,151.2,A,DoorSpread,DoorMaster,5.850000,D,S,305289.000000
Tue Sep 09 06:26:12 2025,09-Sep-2025,092613,47 29.315600 N,062 39.677400 W,2.2,150.9,A,DoorSpread,DoorMaster,5.850000,D,S,305289.000000
Tue Sep 09 06:26:15 2025,09-Sep-2025,092614,47 29.315000 N,062 39.677000 W,2.2,150.7,A,Depth,Depth,62.500000,D,P,36667.000000
Tue Sep 09 06:26:15 2025,09-Sep-2025,092615,47 29.314500 N,062 39.676700 W,2.2,150.8,A,Depth,Depth,62.500000,D,P,36667.000000
Tue Sep 09 06:26:17 2025,09-Sep-2025,092616,47 29.313900 N,062 39.676400 W,2.2,151.1,A,Primary,Headline,58.408163,D,S,55066.000000
Tue Sep 09 06:26:18 2025,09-Sep-2025,092617,47 29.313200 N,062 39.675900 W,2.2,151.0,A,DoorSpread,DoorMaster,6.145000,D,S,84027.000000
Tue Sep 09 06:26:18 2025,09-Sep-2025,092618,47 29.312600 N,062 39.675300 W,2.3,150.6,A,DoorSpread,DoorMaster,6.145000,D,S,84027.000000
Tue Sep 09 06:26:18 2025,09-Sep-2025,092619,47 29.312000 N,062 39.674900 W,2.2,150.5,A,DoorSpread,DoorMaster,6.145000,D,S,84027.000000
Tue Sep 09 06:26:18 2025,09-Sep-2025,092620,47 29.311400 N,062 39.674600 W,2.2,150.8,A,DoorSpread,DoorMaster,6.145000,D,S,84027.000000
Tue Sep 09 06:26:22 2025,09-Sep-2025,092621,47 29.310700 N,062 39.674100 W,2.3,150.7,A,Depth,Depth,64.351852,D,P,119812.000000
Tue Sep 09 06:26:23 2025,09-Sep-2025,092622,47 29.310000 N,062 39.673500 W,2.3,150.3,A,Primary,Headline,57.061224,D,P,83831.000000
Tue Sep 09 06:26:24 2025,09-Sep-2025,092623,47 29.309500 N,062 39.672900 W,2.2,149.9,A,DoorSpread,DoorMaster,12.595000,D,P,117260.000000
Tue Sep 09 06:26:24 2025,09-Sep-2025,092624,47 29.309000 N,062 39.672600 W,2.2,150.0,A,DoorSpread,DoorMaster,12.595000,D,P,117260.000000
Tue Sep 09 06:26:24 2025,09-Sep-2025,092625,47 29.308400 N,062 39.672300 W,2.3,150.5,A,DoorSpread,DoorMaster,12.595000,D,P,117260.000000
Tue Sep 09 06:26:24 2025,09-Sep-2025,092626,47 29.307800 N,062 39.671800 W,2.3,150.8,A,DoorSpread,DoorMaster,12.595000,D,P,117260.000000
Tue Sep 09 06:26:24 2025,09-Sep-2025,092627,47 29.307200 N,062 39.671400 W,2.3,151.1,A,DoorSpread,DoorMaster,12.595000,D,P,117260.000000
Tue Sep 09 06:26:29 2025,09-Sep-2025,092628,47 29.306800 N,062 39.670800 W,2.2,150.9,A,Depth,Depth,72.037037,D,S,121265.000000
Tue Sep 09 06:26:29 2025,09-Sep-2025,092629,47 29.306400 N,062 39.670300 W,2.3,150.2,A,Depth,Depth,72.037037,D,S,121265.000000
Tue Sep 09 06:26:29 2025,09-Sep-2025,092630,47 29.305900 N,062 39.669700 W,2.2,149.9,A,Depth,Depth,72.037037,D,S,121265.000000
Tue Sep 09 06:26:29 2025,09-Sep-2025,092631,47 29.305400 N,062 39.669200 W,2.2,150.9,A,Depth,Depth,72.037037,D,S,121265.000000
Tue Sep 09 06:26:29 2025,09-Sep-2025,092632,47 29.304800 N,062 39.668700 W,2.3,152.0,A,Depth,Depth,72.037037,D,S,121265.000000
Tue Sep 09 06:26:29 2025,09-Sep-2025,092633,47 29.304200 N,062 39.668100 W,2.3,151.4,A,Depth,Depth,72.037037,D,S,121265.000000
Tue Sep 09 06:26:35 2025,09-Sep-2025,092634,47 29.303700 N,062 39.667500 W,2.3,150.7,A,Primary,Headline,58.510204,D,P,71318.000000
Tue Sep 09 06:26:35 2025,09-Sep-2025,092635,47 29.303200 N,062 39.667100 W,2.3,150.3,A,DoorSpread,DoorMaster,22.405000,D,S,234010.000000
Tue Sep 09 06:26:36 2025,09-Sep-2025,092636,47 29.302600 N,062 39.666700 W,2.3,150.6,A,Depth,Depth,59.537037,D,P,27207.000000
Tue Sep 09 06:26:36 2025,09-Sep-2025,092637,47 29.302000 N,062 39.666300 W,2.3,151.0,A,Depth,Depth,59.537037,D,P,27207.000000
Tue Sep 09 06:26:36 2025,09-Sep-2025,092638,47 29.301500 N,062 39.665900 W,2.2,151.1,A,Depth,Depth,59.537037,D,P,27207.000000
Tue Sep 09 06:26:36 2025,09-Sep-2025,092639,47 29.301100 N,062 39.665400 W,2.2,150.4,A,Depth,Depth,59.537037,D,P,27207.000000
Tue Sep 09 06:26:40 2025,09-Sep-2025,092640,47 29.300500 N,062 39.665000 W,2.2,150.0,A,Primary,Headline,31.306122,D,S,31312.000000
Tue Sep 09 06:26:42 2025,09-Sep-2025,092641,47 29.299900 N,062 39.664600 W,2.2,150.1,A,DoorSpread,DoorMaster,23.205000,D,S,271769.000000
Tue Sep 09 06:26:42 2025,09-Sep-2025,092642,47 29.299300 N,062 39.664100 W,2.2,150.4,A,DoorSpread,DoorMaster,23.205000,D,S,271769.000000
Tue Sep 09 06:26:44 2025,09-Sep-2025,092643,47 29.298800 N,062 39.663700 W,2.2,150.6,A,Depth,Depth,70.555556,D,S,42987.000000
Tue Sep 09 06:26:44 2025,09-Sep-2025,092644,47 29.298400 N,062 39.663300 W,2.1,150.7,A,Depth,Depth,70.555556,D,S,42987.000000
Tue Sep 09 06:26:44 2025,09-Sep-2025,092645,47 29.298000 N,062 39.662800 W,2.1,149.9,A,Depth,Depth,70.555556,D,S,42987.000000
Tue Sep 09 06:26:46 2025,09-Sep-2025,092646,47 29.297400 N,062 39.662200 W,2.1,149.7,A,Primary,Headline,51.816327,D,S,103439.000000
Tue Sep 09 06:26:48 2025,09-Sep-2025,092647,47 29.296900 N,062 39.661800 W,2.1,149.8,A,DoorSpread,DoorMaster,9.975000,D,S,49927.000000
Tue Sep 09 06:26:48 2025,09-Sep-2025,092648,47 29.296300 N,062 39.661500 W,2.0,150.0,A,DoorSpread,DoorMaster,9.975000,D,S,49927.000000
Tue Sep 09 06:26:48 2025,09-Sep-2025,092649,47 29.295800 N,062 39.661000 W,2.1,150.1,A,DoorSpread,DoorMaster,9.975000,D,S,49927.000000
Tue Sep 09 06:26:51 2025,09-Sep-2025,092650,47 29.295100 N,062 39.660600 W,2.1,149.8,A,Depth,Depth,61.574074,D,P,65626.000000
Tue Sep 09 06:26:52 2025,09-Sep-2025,092651,47 29.294600 N,062 39.660200 W,2.0,149.7,A,Primary,Headline,20.489796,D,S,106610.000000
Tue Sep 09 06:26:53 2025,09-Sep-2025,092652,47 29.294100 N,062 39.659900 W,2.0,149.6,A,DoorSpread,DoorMaster,1.130000,D,S,67177.000000
Tue Sep 09 06:26:53 2025,09-Sep-2025,092653,47 29.293400 N,062 39.659500 W,2.0,149.8,A,DoorSpread,DoorMaster,1.155000,D,P,20180.000000
Tue Sep 09 06:26:53 2025,09-Sep-2025,092654,47 29.292900 N,062 39.659000 W,2.0,149.9,A,DoorSpread,DoorMaster,1.155000,D,P,20180.000000
Tue Sep 09 06:26:53 2025,09-Sep-2025,092655,47 29.292400 N,062 39.658700 W,1.9,149.9,A,DoorSpread,DoorMaster,1.155000,D,P,20180.000000
Tue Sep 09 06:26:53 2025,09-Sep-2025,092656,47 29.292000 N,062 39.658300 W,1.9,149.9,A,DoorSpread,DoorMaster,1.155000,D,P,20180.000000
Tue Sep 09 06:26:58 2025,09-Sep-2025,092657,47 29.291500 N,062 39.657900 W,2.0,149.9,A,Depth,Depth,84.814815,D,P,52545.000000
Tue Sep 09 06:26:58 2025,09-Sep-2025,092658,47 29.290900 N,062 39.657400 W,2.0,150.1,A,Depth,Depth,84.814815,D,P,52545.000000
Tue Sep 09 06:26:58 2025,09-Sep-2025,092659,47 29.290500 N,062 39.657000 W,1.9,150.4,A,Depth,Depth,84.814815,D,P,52545.000000
Tue Sep 09 06:26:58 2025,09-Sep-2025,092700,47 29.290100 N,062 39.656600 W,1.9,150.6,A,Depth,Depth,84.814815,D,P,52545.000000
Tue Sep 09 06:26:58 2025,09-Sep-2025,092701,47 29.289600 N,062 39.656300 W,2.0,150.6,A,Depth,Depth,84.814815,D,P,52545.000000
Tue Sep 09 06:27:03 2025,09-Sep-2025,092702,47 29.289100 N,062 39.655900 W,2.0,150.4,A,Primary,Headline,48.265306,D,S,73224.000000
Tue Sep 09 06:27:03 2025,09-Sep-2025,092703,47 29.288700 N,062 39.655500 W,1.9,150.4,A,Primary,Headline,48.142857,D,P,71501.000000
Tue Sep 09 06:27:03 2025,09-Sep-2025,092704,47 29.288200 N,062 39.655300 W,1.9,150.5,A,Primary,Headline,48.142857,D,P,71501.000000
Tue Sep 09 06:27:05 2025,09-Sep-2025,092705,47 29.287600 N,062 39.654900 W,2.0,150.5,A,Depth,Depth,52.407407,D,S,79956.000000
Tue Sep 09 06:27:05 2025,09-Sep-2025,092706,47 29.287200 N,062 39.654500 W,2.0,150.4,A,Depth,Depth,52.407407,D,S,79956.000000
Tue Sep 09 06:27:08 2025,09-Sep-2025,092707,47 29.286700 N,062 39.654200 W,2.0,150.5,A,DoorSpread,DoorMaster,0.000000,E,P,50212.000000
Tue Sep 09 06:27:09 2025,09-Sep-2025,092708,47 29.286300 N,062 39.654000 W,2.0,150.6,A,Primary,Headline,29.408163,D,S,17027.000000
Tue Sep 09 06:27:09 2025,09-Sep-2025,092709,47 29.285900 N,062 39.653600 W,2.1,150.4,A,Primary,Headline,29.408163,D,S,17027.000000
Tue Sep 09 06:27:09 2025,09-Sep-2025,092710,47 29.285400 N,062 39.653200 W,2.1,150.3,A,Primary,Headline,29.408163,D,S,17027.000000
Tue Sep 09 06:27:09 2025,09-Sep-2025,092711,47 29.285000 N,062 39.652900 W,2.1,150.4,A,Primary,Headline,29.408163,D,S,17027.000000
Tue Sep 09 06:27:12 2025,09-Sep-2025,092712,47 29.284600 N,062 39.652400 W,2.1,150.3,A,Depth,Depth,64.629630,D,P,25567.000000
Tue Sep 09 06:27:13 2025,09-Sep-2025,092713,47 29.284100 N,062 39.652000 W,2.1,150.4,A,DoorSpread,DoorMaster,0.000000,E,S,131018.000000
Tue Sep 09 06:27:14 2025,09-Sep-2025,092714,47 29.283600 N,062 39.651600 W,2.1,151.1,A,Primary,Headline,34.897959,D,S,177670.000000
Tue Sep 09 06:27:14 2025,09-Sep-2025,092715,47 29.283200 N,062 39.651200 W,2.2,151.5,A,Primary,Headline,34.897959,D,S,177670.000000
Tue Sep 09 06:27:14 2025,09-Sep-2025,092716,47 29.282700 N,062 39.650600 W,2.2,151.5,A,Primary,Headline,34.897959,D,S,177670.000000
Tue Sep 09 06:27:14 2025,09-Sep-2025,092717,47 29.282200 N,062 39.650000 W,2.2,151.2,A,Primary,Headline,34.897959,D,S,177670.000000
Tue Sep 09 06:27:18 2025,09-Sep-2025,092718,47 29.281700 N,062 39.649500 W,2.3,151.0,A,DoorSpread,DoorMaster,0.000000,E,S,99076.000000
Tue Sep 09 06:27:20 2025,09-Sep-2025,092719,47 29.281100 N,062 39.649000 W,2.3,151.3,A,Primary,Headline,38.857143,D,S,175990.000000
Tue Sep 09 06:27:20 2025,09-Sep-2025,092720,47 29.280400 N,062 39.648600 W,2.3,151.7,A,Primary,Headline,38.857143,D,S,175990.000000
Tue Sep 09 06:27:20 2025,09-Sep-2025,092721,47 29.279800 N,062 39.648100 W,2.3,151.5,A,Primary,Headline,38.857143,D,S,175990.000000
Tue Sep 09 06:27:23 2025,09-Sep-2025,092722,47 29.279300 N,062 39.647500 W,2.3,150.6,A,DoorSpread,DoorMaster,0.000000,E,P,42863.000000
Tue Sep 09 06:27:23 2025,09-Sep-2025,092723,47 29.278800 N,062 39.647000 W,2.3,150.8,A,DoorSpread,DoorMaster,0.000000,E,S,68760.000000
Tue Sep 09 06:27:23 2025,09-Sep-2025,092724,47 29.278200 N,062 39.646600 W,2.4,151.3,A,DoorSpread,DoorMaster,0.000000,E,S,68760.000000
Tue Sep 09 06:27:25 2025,09-Sep-2025,092725,47 29.277500 N,062 39.646100 W,2.4,151.7,A,Primary,Headline,29.061224,D,S,148435.000000
Tue Sep 09 06:27:27 2025,09-Sep-2025,092726,47 29.277000 N,062 39.645700 W,2.4,151.6,A,Depth,Depth,66.296296,D,S,77892.000000
Tue Sep 09 06:27:27 2025,09-Sep-2025,092727,47 29.276500 N,062 39.645100 W,2.3,151.0,A,Depth,Depth,66.296296,D,S,77892.000000
Tue Sep 09 06:27:29 2025,09-Sep-2025,092728,47 29.276100 N,062 39.644300 W,2.3,150.3,A,DoorSpread,DoorMaster,6.255000,D,P,85466.000000
Tue Sep 09 06:27:29 2025,09-Sep-2025,092729,47 29.275600 N,062 39.643800 W,2.4,150.4,A,DoorSpread,DoorMaster,6.255000,D,P,85466.000000
Tue Sep 09 06:27:31 2025,09-Sep-2025,092730,47 29.274900 N,062 39.643300 W,2.4,150.8,A,Primary,Headline,8.306122,D,S,81784.000000
Tue Sep 09 06:27:31 2025,09-Sep-2025,092731,47 29.274400 N,062 39.642900 W,2.3,151.2,A,Primary,Headline,8.306122,D,S,81784.000000
Tue Sep 09 06:27:31 2025,09-Sep-2025,092732,47 29.273900 N,062 39.642700 W,2.3,151.4,A,Primary,Headline,8.306122,D,S,81784.000000
Tue Sep 09 06:27:31 2025,09-Sep-2025,092733,47 29.273400 N,062 39.642200 W,2.3,151.0,A,Primary,Headline,8.306122,D,S,81784.000000
Tue Sep 09 06:27:34 2025,09-Sep-2025,092734,47 29.272900 N,062 39.641700 W,2.3,150.9,A,Depth,Depth,66.388889,D,P,17201.000000
Tue Sep 09 06:27:36 2025,09-Sep-2025,092735,47 29.272400 N,062 39.641400 W,2.2,150.9,A,Primary,Headline,21.081633,D,P,78327.000000
Tue Sep 09 06:27:36 2025,09-Sep-2025,092736,47 29.271900 N,062 39.641200 W,2.2,151.0,A,Primary,Headline,21.081633,D,P,78327.000000
Tue Sep 09 06:27:36 2025,09-Sep-2025,092737,47 29.271300 N,062 39.640700 W,2.3,151.1,A,Primary,Headline,21.081633,D,P,78327.000000
Tue Sep 09 06:27:36 2025,09-Sep-2025,092738,47 29.270900 N,062 39.640300 W,2.2,151.0,A,Primary,Headline,21.081633,D,P,78327.000000
Tue Sep 09 06:27:36 2025,09-Sep-2025,092739,47 29.270500 N,062 39.639900 W,2.1,150.9,A,Primary,Headline,21.081633,D,P,78327.000000
Tue Sep 09 06:27:41 2025,09-Sep-2025,092740,47 29.270100 N,062 39.639600 W,2.1,150.9,A,DoorSpread,DoorMaster,0.000000,E,S,406827.000000
Tue Sep 09 06:27:41 2025,09-Sep-2025,092741,47 29.269500 N,062 39.639300 W,2.1,151.6,A,Primary,Headline,31.285714,D,S,46004.000000
Tue Sep 09 06:27:41 2025,09-Sep-2025,092742,47 29.268900 N,062 39.638900 W,2.1,152.4,A,Primary,Headline,31.285714,D,S,46004.000000
Tue Sep 09 06:27:41 2025,09-Sep-2025,092743,47 29.268300 N,062 39.638500 W,2.2,152.8,A,Primary,Headline,31.285714,D,S,46004.000000
Tue Sep 09 06:27:41 2025,09-Sep-2025,092744,47 29.267800 N,062 39.638100 W,2.1,152.6,A,Primary,Headline,31.285714,D,S,46004.000000
Tue Sep 09 06:27:46 2025,09-Sep-2025,092745,47 29.267300 N,062 39.637800 W,2.1,152.5,A,DoorSpread,DoorMaster,0.000000,E,S,59902.000000
Tue Sep 09 06:27:47 2025,09-Sep-2025,092746,47 29.266900 N,062 39.637400 W,2.0,152.4,A,Primary,Headline,37.693878,D,P,126745.000000
Tue Sep 09 06:27:47 2025,09-Sep-2025,092747,47 29.266400 N,062 39.637000 W,2.1,152.2,A,Primary,Headline,37.693878,D,P,126745.000000
Tue Sep 09 06:27:47 2025,09-Sep-2025,092748,47 29.265800 N,062 39.636600 W,2.1,152.2,A,Primary,Headline,37.693878,D,P,126745.000000
Tue Sep 09 06:27:47 2025,09-Sep-2025,092749,47 29.265300 N,062 39.636400 W,2.0,152.4,A,Primary,Headline,37.693878,D,P,126745.000000
Tue Sep 09 06:27:47 2025,09-Sep-2025,092750,47 29.264700 N,062 39.636100 W,2.0,152.6,A,Primary,Headline,37.693878,D,P,126745.000000
Tue Sep 09 06:27:52 2025,09-Sep-2025,092751,47 29.264100 N,062 39.635700 W,2.1,152.4,A,DoorSpread,DoorMaster,16.405000,D,S,84882.000000
Tue Sep 09 06:27:53 2025,09-Sep-2025,092752,47 29.263400 N,062 39.635200 W,2.1,151.5,A,Primary,Headline,43.673469,D,S,63264.000000
Tue Sep 09 06:27:53 2025,09-Sep-2025,092753,47 29.262900 N,062 39.634700 W,2.1,150.8,A,Primary,Headline,43.673469,D,S,63264.000000
Tue Sep 09 06:27:53 2025,09-Sep-2025,092754,47 29.262400 N,062 39.634300 W,2.0,150.3,A,Primary,Headline,43.673469,D,S,63264.000000
Tue Sep 09 06:27:56 2025,09-Sep-2025,092755,47 29.261900 N,062 39.634000 W,2.0,151.6,A,Depth,Depth,66.481481,D,P,65362.000000
Tue Sep 09 06:27:56 2025,09-Sep-2025,092756,47 29.261200 N,062 39.633600 W,2.1,152.9,A,Depth,Depth,66.481481,D,P,65362.000000
Tue Sep 09 06:27:57 2025,09-Sep-2025,092757,47 29.260700 N,062 39.633100 W,2.1,152.9,A,DoorSpread,DoorMaster,0.000000,E,P,105993.000000
Tue Sep 09 06:27:58 2025,09-Sep-2025,092758,47 29.260100 N,062 39.632600 W,2.1,152.4,A,Primary,Headline,39.000000,D,S,93165.000000
Tue Sep 09 06:27:58 2025,09-Sep-2025,092759,47 29.259500 N,062 39.632000 W,2.1,152.1,A,Primary,Headline,39.000000,D,S,93165.000000
Tue Sep 09 06:27:58 2025,09-Sep-2025,092800,47 29.259000 N,062 39.631600 W,2.1,151.8,A,Primary,Headline,39.000000,D,S,93165.000000
Tue Sep 09 06:27:58 2025,09-Sep-2025,092801,47 29.258400 N,062 39.631100 W,2.1,151.6,A,Primary,Headline,39.000000,D,S,93165.000000
Tue Sep 09 06:28:02 2025,09-Sep-2025,092802,47 29.257900 N,062 39.630600 W,2.1,152.3,A,DoorSpread,DoorMaster,0.000000,E,S,80740.000000
Tue Sep 09 06:28:03 2025,09-Sep-2025,092803,47 29.257300 N,062 39.630200 W,2.2,153.0,A,Depth,Depth,68.703704,D,S,60405.000000
Tue Sep 09 06:28:04 2025,09-Sep-2025,092804,47 29.256800 N,062 39.629800 W,2.2,152.5,A,Primary,Headline,48.224490,D,S,83577.000000
Tue Sep 09 06:28:04 2025,09-Sep-2025,092805,47 29.256300 N,062 39.629300 W,2.2,151.9,A,Primary,Headline,48.224490,D,S,83577.000000
Tue Sep 09 06:28:04 2025,09-Sep-2025,092806,47 29.255900 N,062 39.628900 W,2.2,151.7,A,Primary,Headline,48.224490,D,S,83577.000000
Tue Sep 09 06:28:04 2025,09-Sep-2025,092807,47 29.255300 N,062 39.628500 W,2.3,151.9,A,Primary,Headline,48.224490,D,S,83577.000000
Tue Sep 09 06:28:08 2025,09-Sep-2025,092808,47 29.254700 N,062 39.628100 W,2.3,151.8,A,DoorSpread,DoorMaster,18.450000,D,S,50019.000000
Tue Sep 09 06:28:09 2025,09-Sep-2025,092809,47 29.254200 N,062 39.627700 W,2.2,151.6,A,Primary,Headline,11.265306,D,P,52361.000000
Tue Sep 09 06:28:10 2025,09-Sep-2025,092810,47 29.253700 N,062 39.627100 W,2.3,151.5,A,Depth,Depth,65.000000,D,P,35756.000000
Tue Sep 09 06:28:10 2025,09-Sep-2025,092811,47 29.253100 N,062 39.626700 W,2.4,151.8,A,Depth,Depth,65.000000,D,P,35756.000000
Tue Sep 09 06:28:10 2025,09-Sep-2025,092812,47 29.252500 N,062 39.626400 W,2.3,152.2,A,Depth,Depth,65.000000,D,P,35756.000000
Tue Sep 09 06:28:14 2025,09-Sep-2025,092813,47 29.252000 N,062 39.626200 W,2.2,152.4,A,DoorSpread,DoorMaster,0.000000,E,S,73126.000000
Tue Sep 09 06:28:15 2025,09-Sep-2025,092814,47 29.251600 N,062 39.625800 W,2.2,152.1,A,Primary,Headline,14.857143,D,S,76084.000000
Tue Sep 09 06:28:15 2025,09-Sep-2025,092815,47 29.251100 N,062 39.625400 W,2.2,151.9,A,Primary,Headline,14.857143,D,S,76084.000000
Tue Sep 09 06:28:15 2025,09-Sep-2025,092816,47 29.250600 N,062 39.625100 W,2.2,151.8,A,Primary,Headline,14.857143,D,S,76084.000000
Tue Sep 09 06:28:18 2025,09-Sep-2025,092817,47 29.250200 N,062 39.624800 W,2.2,152.0,A,Depth,Depth,77.592593,D,S,20800.000000
Tue Sep 09 06:28:18 2025,09-Sep-2025,092818,47 29.249600 N,062 39.624300 W,2.3,151.9,A,DoorSpread,DoorMaster,0.000000,E,P,54296.000000
Tue Sep 09 06:28:20 2025,09-Sep-2025,092819,47 29.249100 N,062 39.623700 W,2.3,151.6,A,Primary,Headline,5.306122,D,S,41867.000000
Tue Sep 09 06:28:20 2025,09-Sep-2025,092820,47 29.248700 N,062 39.623400 W,2.2,151.5,A,Primary,Headline,5.306122,D,S,41867.000000
Tue Sep 09 06:28:20 2025,09-Sep-2025,092821,47 29.248400 N,062 39.623100 W,2.1,151.4,A,Primary,Headline,5.306122,D,S,41867.000000
Tue Sep 09 06:28:20 2025,09-Sep-2025,092822,47 29.247900 N,062 39.622600 W,2.2,150.8,A,Primary,Headline,5.306122,D,S,41867.000000
Tue Sep 09 06:28:23 2025,09-Sep-2025,092823,47 29.247300 N,062 39.622100 W,2.2,150.5,A,DoorSpread,DoorMaster,0.000000,E,S,50028.000000
Tue Sep 09 06:28:25 2025,09-Sep-2025,092824,47 29.246600 N,062 39.621600 W,2.2,150.7,A,Depth,Depth,57.870370,D,S,33325.000000
Tue Sep 09 06:28:25 2025,09-Sep-2025,092825,47 29.246000 N,062 39.621200 W,2.2,151.3,A,Depth,Depth,57.870370,D,S,33325.000000
Tue Sep 09 06:28:25 2025,09-Sep-2025,092826,47 29.245300 N,062 39.620800 W,2.2,151.7,A,Depth,Depth,57.870370,D,S,33325.000000
Tue Sep 09 06:28:25 2025,09-Sep-2025,092827,47 29.244800 N,062 39.620400 W,2.2,151.1,A,Depth,Depth,57.870370,D,S,33325.000000
Tue Sep 09 06:28:29 2025,09-Sep-2025,092828,47 29.244300 N,062 39.619900 W,2.1,150.5,A,DoorSpread,DoorMaster,0.000000,E,S,72408.000000
Tue Sep 09 06:28:29 2025,09-Sep-2025,092829,47 29.243900 N,062 39.619400 W,2.1,150.9,A,DoorSpread,DoorMaster,0.000000,E,S,72408.000000
Tue Sep 09 06:28:30 2025,09-Sep-2025,092830,47 29.243200 N,062 39.619000 W,2.2,152.0,A,Primary,Headline,16.551020,D,S,65209.000000
Tue Sep 09 06:28:30 2025,09-Sep-2025,092831,47 29.242600 N,062 39.618500 W,2.2,152.6,A,Primary,Headline,16.551020,D,S,65209.000000
Tue Sep 09 06:28:32 2025,09-Sep-2025,092832,47 29.242100 N,062 39.618000 W,2.1,152.5,A,Depth,Depth,65.092593,D,S,79478.000000
Tue Sep 09 06:28:34 2025,09-Sep-2025,092833,47 29.241600 N,062 39.617500 W,2.1,152.3,A,DoorSpread,DoorMaster,0.000000,E,P,70986.000000
Tue Sep 09 06:28:34 2025,09-Sep-2025,092834,47 29.241100 N,062 39.616900 W,2.2,152.4,A,DoorSpread,DoorMaster,0.000000,E,P,70986.000000
Tue Sep 09 06:28:36 2025,09-Sep-2025,092835,47 29.240500 N,062 39.616400 W,2.2,152.4,A,Primary,Headline,34.020408,D,S,69150.000000
Tue Sep 09 06:28:36 2025,09-Sep-2025,092836,47 29.239900 N,062 39.615900 W,2.2,152.0,A,Primary,Headline,34.020408,D,S,69150.000000
Tue Sep 09 06:28:36 2025,09-Sep-2025,092837,47 29.239500 N,062 39.615400 W,2.1,151.6,A,Primary,Headline,34.020408,D,S,69150.000000
Tue Sep 09 06:28:39 2025,09-Sep-2025,092838,47 29.238900 N,062 39.615000 W,2.2,151.7,A,DoorSpread,DoorMaster,0.000000,E,S,119386.000000
Tue Sep 09 06:28:40 2025,09-Sep-2025,092839,47 29.238300 N,062 39.614700 W,2.2,152.4,A,Depth,Depth,66.666667,D,P,77380.000000
Tue Sep 09 06:28:40 2025,09-Sep-2025,092840,47 29.237700 N,062 39.614300 W,2.2,152.8,A,Depth,Depth,66.666667,D,P,77380.000000
Tue Sep 09 06:28:41 2025,09-Sep-2025,092841,47 29.237300 N,062 39.613800 W,2.2,152.5,A,Primary,Headline,32.306122,D,S,46630.000000
Tue Sep 09 06:28:41 2025,09-Sep-2025,092842,47 29.236700 N,062 39.613200 W,2.2,151.7,A,Primary,Headline,32.306122,D,S,46630.000000
Tue Sep 09 06:28:44 2025,09-Sep-2025,092843,47 29.236100 N,062 39.612700 W,2.3,151.5,A,DoorSpread,DoorMaster,0.000000,E,S,120964.000000
Tue Sep 09 06:28:44 2025,09-Sep-2025,092844,47 29.235600 N,062 39.612300 W,2.2,151.3,A,DoorSpread,DoorMaster,0.000000,E,S,120964.000000
Tue Sep 09 06:28:44 2025,09-Sep-2025,092845,47 29.235200 N,062 39.612000 W,2.1,151.3,A,DoorSpread,DoorMaster,0.000000,E,S,120964.000000
Tue Sep 09 06:28:47 2025,09-Sep-2025,092846,47 29.234600 N,062 39.611700 W,2.2,151.6,A,Depth,Depth,67.222222,D,S,87857.000000
Tue Sep 09 06:28:47 2025,09-Sep-2025,092847,47 29.234000 N,062 39.611300 W,2.3,151.7,A,Depth,Depth,67.222222,D,S,87857.000000
Tue Sep 09 06:28:49 2025,09-Sep-2025,092848,47 29.233400 N,062 39.610800 W,2.2,151.5,A,DoorSpread,DoorMaster,0.000000,E,S,44367.000000
Tue Sep 09 06:28:49 2025,09-Sep-2025,092849,47 29.232900 N,062 39.610400 W,2.2,151.3,A,DoorSpread,DoorMaster,0.000000,E,S,44367.000000
Tue Sep 09 06:28:49 2025,09-Sep-2025,092850,47 29.232300 N,062 39.610100 W,2.3,151.5,A,DoorSpread,DoorMaster,0.000000,E,S,44367.000000
Tue Sep 09 06:28:52 2025,09-Sep-2025,092851,47 29.231700 N,062 39.609600 W,2.3,151.9,A,Primary,Headline,16.448980,D,S,79039.000000
Tue Sep 09 06:28:52 2025,09-Sep-2025,092852,47 29.231100 N,062 39.609100 W,2.3,152.0,A,Primary,Headline,16.448980,D,S,79039.000000
Tue Sep 09 06:28:54 2025,09-Sep-2025,092853,47 29.230600 N,062 39.608600 W,2.2,152.0,A,Depth,Depth,69.814815,D,P,25454.000000
Tue Sep 09 06:28:54 2025,09-Sep-2025,092854,47 29.230200 N,062 39.608100 W,2.1,151.8,A,Depth,Depth,69.814815,D,P,25454.000000
Tue Sep 09 06:28:54 2025,09-Sep-2025,092855,47 29.229700 N,062 39.607800 W,2.1,151.8,A,Depth,Depth,69.814815,D,P,25454.000000
Tue Sep 09 06:28:54 2025,09-Sep-2025,092856,47 29.229200 N,062 39.607300 W,2.2,152.2,A,Depth,Depth,69.814815,D,P,25454.000000
Tue Sep 09 06:28:57 2025,09-Sep-2025,092857,47 29.228700 N,062 39.606900 W,2.3,152.9,A,Primary,Headline,30.530612,D,S,56960.000000
Tue Sep 09 06:28:59 2025,09-Sep-2025,092858,47 29.228200 N,062 39.606500 W,2.2,153.0,A,DoorSpread,DoorMaster,0.000000,E,P,53303.000000
Tue Sep 09 06:28:59 2025,09-Sep-2025,092859,47 29.227900 N,062 39.606000 W,2.2,152.9,A,DoorSpread,DoorMaster,0.000000,E,P,53303.000000
Tue Sep 09 06:28:59 2025,09-Sep-2025,092900,47 29.227500 N,062 39.605600 W,2.1,152.7,A,DoorSpread,DoorMaster,0.000000,E,P,53303.000000
Tue Sep 09 06:29:01 2025,09-Sep-2025,092901,47 29.227000 N,062 39.605200 W,2.1,152.8,A,Depth,Depth,60.555556,D,S,43900.000000
Tue Sep 09 06:29:02 2025,09-Sep-2025,092902,47 29.226600 N,062 39.604900 W,2.1,152.9,A,Primary,Headline,25.938776,D,S,52431.000000
Tue Sep 09 06:29:04 2025,09-Sep-2025,092903,47 29.226200 N,062 39.604600 W,2.1,152.8,A,DoorSpread,DoorMaster,0.000000,E,S,67574.000000
Tue Sep 09 06:29:04 2025,09-Sep-2025,092904,47 29.225700 N,062 39.604200 W,2.1,152.7,A,DoorSpread,DoorMaster,0.000000,E,S,67574.000000
Tue Sep 09 06:29:04 2025,09-Sep-2025,092905,47 29.225200 N,062 39.603900 W,2.1,152.9,A,DoorSpread,DoorMaster,0.000000,E,S,67574.000000
Tue Sep 09 06:29:04 2025,09-Sep-2025,092906,47 29.224700 N,062 39.603600 W,2.1,153.0,A,DoorSpread,DoorMaster,0.000000,E,S,67574.000000
Tue Sep 09 06:29:08 2025,09-Sep-2025,092907,47 29.224200 N,062 39.603100 W,2.1,152.4,A,Primary,Headline,11.306122,D,S,78854.000000
Tue Sep 09 06:29:09 2025,09-Sep-2025,092908,47 29.223600 N,062 39.602600 W,2.1,152.0,A,DoorSpread,DoorMaster,0.000000,E,S,71874.000000
Tue Sep 09 06:29:09 2025,09-Sep-2025,092909,47 29.223200 N,062 39.602200 W,2.0,151.8,A,DoorSpread,DoorMaster,0.000000,E,S,71874.000000
Tue Sep 09 06:29:09 2025,09-Sep-2025,092910,47 29.222600 N,062 39.601900 W,2.1,152.1,A,DoorSpread,DoorMaster,0.000000,E,S,71874.000000
Tue Sep 09 06:29:09 2025,09-Sep-2025,092911,47 29.222000 N,062 39.601700 W,2.1,152.4,A,DoorSpread,DoorMaster,0.000000,E,S,71874.000000
Tue Sep 09 06:29:09 2025,09-Sep-2025,092912,47 29.221400 N,062 39.601300 W,2.1,152.1,A,DoorSpread,DoorMaster,0.000000,E,S,71874.000000
Tue Sep 09 06:29:14 2025,09-Sep-2025,092913,47 29.220900 N,062 39.601000 W,2.0,151.8,A,DoorSpread,DoorMaster,0.000000,E,P,61749.000000
Tue Sep 09 06:29:14 2025,09-Sep-2025,092914,47 29.220400 N,062 39.600700 W,2.0,151.5,A,DoorSpread,DoorMaster,0.000000,E,S,227107.000000
Tue Sep 09 06:29:16 2025,09-Sep-2025,092915,47 29.219700 N,062 39.600600 W,2.1,152.2,A,Depth,Depth,62.129630,D,P,124339.000000
Tue Sep 09 06:29:16 2025,09-Sep-2025,092916,47 29.219100 N,062 39.600300 W,2.2,152.7,A,Depth,Depth,62.129630,D,P,124339.000000
Tue Sep 09 06:29:16 2025,09-Sep-2025,092917,47 29.218600 N,062 39.600000 W,2.1,152.5,A,Depth,Depth,62.129630,D,P,124339.000000
Tue Sep 09 06:29:19 2025,09-Sep-2025,092918,47 29.218200 N,062 39.599600 W,2.1,152.0,A,DoorSpread,DoorMaster,0.590000,D,S,34463.000000
Tue Sep 09 06:29:19 2025,09-Sep-2025,092919,47 29.217700 N,062 39.599200 W,2.1,151.4,A,DoorSpread,DoorMaster,0.590000,D,S,34463.000000
Tue Sep 09 06:29:19 2025,09-Sep-2025,092920,47 29.217200 N,062 39.598800 W,2.2,151.4,A,DoorSpread,DoorMaster,0.590000,D,S,34463.000000
Tue Sep 09 06:29:19 2025,09-Sep-2025,092921,47 29.216500 N,062 39.598500 W,2.2,151.8,A,DoorSpread,DoorMaster,0.590000,D,S,34463.000000
Tue Sep 09 06:29:23 2025,09-Sep-2025,092922,47 29.215900 N,062 39.598300 W,2.2,152.3,A,Depth,Depth,66.481481,D,P,103105.000000
Tue Sep 09 06:29:24 2025,09-Sep-2025,092923,47 29.215400 N,062 39.597800 W,2.1,151.9,A,Primary,Headline,30.510204,D,S,223716.000000
Tue Sep 09 06:29:24 2025,09-Sep-2025,092924,47 29.214800 N,062 39.597300 W,2.2,151.4,A,Primary,Headline,30.510204,D,S,223716.000000
Tue Sep 09 06:29:24 2025,09-Sep-2025,092925,47 29.214200 N,062 39.596700 W,2.2,151.0,A,Primary,Headline,30.510204,D,S,223716.000000
Tue Sep 09 06:29:24 2025,09-Sep-2025,092926,47 29.213600 N,062 39.596200 W,2.2,150.9,A,Primary,Headline,30.510204,D,S,223716.000000
Tue Sep 09 06:29:24 2025,09-Sep-2025,092927,47 29.213100 N,062 39.595800 W,2.1,151.0,A,Primary,Headline,30.510204,D,S,223716.000000
Tue Sep 09 06:29:24 2025,09-Sep-2025,092928,47 29.212500 N,062 39.595300 W,2.2,151.2,A,Primary,Headline,30.510204,D,S,223716.000000
Tue Sep 09 06:29:29 2025,09-Sep-2025,092929,47 29.212000 N,062 39.594700 W,2.2,150.6,A,Primary,Headline,6.918367,D,P,162093.000000
Tue Sep 09 06:29:30 2025,09-Sep-2025,092930,47 29.211500 N,062 39.594200 W,2.1,150.1,A,Depth,Depth,67.685185,D,P,61875.000000
Tue Sep 09 06:29:30 2025,09-Sep-2025,092931,47 29.211000 N,062 39.593800 W,2.1,150.6,A,Depth,Depth,67.685185,D,P,61875.000000
Tue Sep 09 06:29:30 2025,09-Sep-2025,092932,47 29.210600 N,062 39.593600 W,2.1,151.2,A,Depth,Depth,67.685185,D,P,61875.000000
Tue Sep 09 06:29:34 2025,09-Sep-2025,092933,47 29.210200 N,062 39.593300 W,2.1,151.7,A,DoorSpread,DoorMaster,0.000000,E,S,55521.000000
Tue Sep 09 06:29:34 2025,09-Sep-2025,092934,47 29.209700 N,062 39.592900 W,2.1,152.4,A,DoorSpread,DoorMaster,0.000000,E,S,55521.000000
Tue Sep 09 06:29:35 2025,09-Sep-2025,092935,47 29.209200 N,062 39.592300 W,2.2,151.6,A,Primary,Headline,46.591837,D,P,44144.000000
Tue Sep 09 06:29:35 2025,09-Sep-2025,092936,47 29.208800 N,062 39.591700 W,2.1,150.7,A,Primary,Headline,46.591837,D,P,44144.000000
Tue Sep 09 06:29:37 2025,09-Sep-2025,092937,47 29.208400 N,062 39.591200 W,2.1,150.1,A,Depth,Depth,66.111111,D,S,284161.000000
Tue Sep 09 06:29:37 2025,09-Sep-2025,092938,47 29.207800 N,062 39.590900 W,2.2,150.5,A,Depth,Depth,66.111111,D,S,284161.000000
Tue Sep 09 06:29:39 2025,09-Sep-2025,092939,47 29.207200 N,062 39.590600 W,2.2,150.9,A,DoorSpread,DoorMaster,0.000000,E,S,29309.000000
Tue Sep 09 06:29:39 2025,09-Sep-2025,092940,47 29.206800 N,062 39.590200 W,2.1,150.6,A,DoorSpread,DoorMaster,0.000000,E,S,29309.000000
Tue Sep 09 06:29:41 2025,09-Sep-2025,092941,47 29.206300 N,062 39.589600 W,2.1,149.8,A,Primary,Headline,58.857143,D,P,35857.000000
Tue Sep 09 06:29:41 2025,09-Sep-2025,092942,47 29.205800 N,062 39.589000 W,2.2,149.3,A,Primary,Headline,58.857143,D,P,35857.000000
Tue Sep 09 06:29:41 2025,09-Sep-2025,092943,47 29.205200 N,062 39.588500 W,2.2,149.4,A,Primary,Headline,58.857143,D,P,35857.000000
Tue Sep 09 06:29:45 2025,09-Sep-2025,092944,47 29.204600 N,062 39.588100 W,2.2,149.9,A,Depth,Depth,67.777778,D,P,42199.000000
Tue Sep 09 06:29:45 2025,09-Sep-2025,092945,47 29.204100 N,062 39.587600 W,2.1,150.1,A,Depth,Depth,67.777778,D,P,42199.000000
Tue Sep 09 06:29:47 2025,09-Sep-2025,092946,47 29.203600 N,062 39.587100 W,2.1,150.0,A,Primary,Headline,46.510204,D,S,55493.000000
Tue Sep 09 06:29:47 2025,09-Sep-2025,092947,47 29.203100 N,062 39.586600 W,2.0,149.6,A,Primary,Headline,46.510204,D,S,55493.000000
Tue Sep 09 06:29:47 2025,09-Sep-2025,092948,47 29.202500 N,062 39.586100 W,2.1,149.1,A,Primary,Headline,46.510204,D,S,55493.000000
Tue Sep 09 06:29:47 2025,09-Sep-2025,092949,47 29.201900 N,062 39.585600 W,2.1,149.2,A,Primary,Headline,46.510204,D,S,55493.000000
Tue Sep 09 06:29:47 2025,09-Sep-2025,092950,47 29.201200 N,062 39.585300 W,2.1,149.8,A,Primary,Headline,46.510204,D,S,55493.000000
Tue Sep 09 06:29:52 2025,09-Sep-2025,092951,47 29.200600 N,062 39.585000 W,2.1,150.3,A,Depth,Depth,66.296296,D,S,115557.000000
Tue Sep 09 06:29:52 2025,09-Sep-2025,092952,47 29.200200 N,062 39.584400 W,2.0,149.8,A,Primary,Headline,32.693878,D,P,81401.000000
Tue Sep 09 06:29:52 2025,09-Sep-2025,092953,47 29.199700 N,062 39.583800 W,2.0,149.0,A,Primary,Headline,32.693878,D,P,81401.000000
Tue Sep 09 06:29:52 2025,09-Sep-2025,092954,47 29.199200 N,062 39.583400 W,2.0,148.8,A,Primary,Headline,32.693878,D,P,81401.000000
Tue Sep 09 06:29:52 2025,09-Sep-2025,092955,47 29.198600 N,062 39.583200 W,2.1,149.1,A,Primary,Headline,32.693878,D,P,81401.000000
Tue Sep 09 06:29:52 2025,09-Sep-2025,092956,47 29.198000 N,062 39.582900 W,2.0,149.4,A,Primary,Headline,32.693878,D,P,81401.000000
Tue Sep 09 06:29:58 2025,09-Sep-2025,092957,47 29.197600 N,062 39.582600 W,2.0,149.2,A,Primary,Headline,37.000000,D,S,152778.000000
Tue Sep 09 06:29:59 2025,09-Sep-2025,092958,47 29.197100 N,062 39.582100 W,2.0,149.0,A,DoorSpread,DoorMaster,0.000000,E,S,205582.000000
Tue Sep 09 06:30:00 2025,09-Sep-2025,092959,47 29.196500 N,062 39.581700 W,2.1,149.2,A,Depth,Depth,74.722222,D,P,44175.000000
Tue Sep 09 06:30:00 2025,09-Sep-2025,093000,47 29.195900 N,062 39.581100 W,2.1,149.5,A,Depth,Depth,74.722222,D,P,44175.000000
Tue Sep 09 06:30:00 2025,09-Sep-2025,093001,47 29.195400 N,062 39.580700 W,2.0,149.9,A,Depth,Depth,74.722222,D,P,44175.000000
Tue Sep 09 06:30:00 2025,09-Sep-2025,093002,47 29.194900 N,062 39.580200 W,2.1,149.9,A,Depth,Depth,74.722222,D,P,44175.000000
Tue Sep 09 06:30:03 2025,09-Sep-2025,093003,47 29.194400 N,062 39.579500 W,2.1,149.4,A,Primary,Headline,3.938776,D,S,215951.000000
Tue Sep 09 06:30:04 2025,09-Sep-2025,093004,47 29.193900 N,062 39.579000 W,2.1,149.3,A,DoorSpread,DoorMaster,0.000000,E,S,300322.000000
Tue Sep 09 06:30:04 2025,09-Sep-2025,093005,47 29.193400 N,062 39.578600 W,2.0,149.6,A,DoorSpread,DoorMaster,0.000000,E,S,300322.000000
Tue Sep 09 06:30:06 2025,09-Sep-2025,093006,47 29.192900 N,062 39.578100 W,2.1,150.0,A,Depth,Depth,59.537037,D,P,183722.000000
Tue Sep 09 06:30:06 2025,09-Sep-2025,093007,47 29.192300 N,062 39.577500 W,2.2,149.9,A,Depth,Depth,59.537037,D,P,183722.000000
Tue Sep 09 06:30:09 2025,09-Sep-2025,093008,47 29.191900 N,062 39.576900 W,2.2,149.7,A,DoorSpread,DoorMaster,0.000000,E,P,103812.000000
Tue Sep 09 06:30:09 2025,09-Sep-2025,093009,47 29.191500 N,062 39.576600 W,2.1,149.8,A,DoorSpread,DoorMaster,0.000000,E,P,103812.000000
Tue Sep 09 06:30:09 2025,09-Sep-2025,093010,47 29.190900 N,062 39.576400 W,2.2,150.4,A,DoorSpread,DoorMaster,0.000000,E,P,103812.000000
Tue Sep 09 06:30:09 2025,09-Sep-2025,093011,47 29.190300 N,062 39.576000 W,2.2,150.9,A,DoorSpread,DoorMaster,0.000000,E,P,103812.000000
Tue Sep 09 06:30:09 2025,09-Sep-2025,093012,47 29.189800 N,062 39.575600 W,2.2,151.1,A,DoorSpread,DoorMaster,0.000000,E,P,103812.000000
Tue Sep 09 06:30:14 2025,09-Sep-2025,093013,47 29.189400 N,062 39.575200 W,2.2,150.6,A,Depth,Depth,66.759259,D,P,21862.000000
Tue Sep 09 06:30:15 2025,09-Sep-2025,093014,47 29.189000 N,062 39.574800 W,2.2,150.8,A,DoorSpread,DoorMaster,7.100000,D,S,146680.000000
Tue Sep 09 06:30:15 2025,09-Sep-2025,093015,47 29.188500 N,062 39.574400 W,2.3,151.9,A,DoorSpread,DoorMaster,7.100000,D,S,146680.000000
Tue Sep 09 06:30:15 2025,09-Sep-2025,093016,47 29.187900 N,062 39.574100 W,2.2,152.5,A,DoorSpread,DoorMaster,7.100000,D,S,146680.000000
Tue Sep 09 06:30:15 2025,09-Sep-2025,093017,47 29.187500 N,062 39.573800 W,2.2,152.2,A,DoorSpread,DoorMaster,7.100000,D,S,146680.000000
Tue Sep 09 06:30:15 2025,09-Sep-2025,093018,47 29.187000 N,062 39.573300 W,2.2,151.9,A,DoorSpread,DoorMaster,7.100000,D,S,146680.000000
Tue Sep 09 06:30:20 2025,09-Sep-2025,093019,47 29.186400 N,062 39.572800 W,2.2,151.9,A,DoorSpread,DoorMaster,0.000000,E,P,201247.000000
Tue Sep 09 06:30:21 2025,09-Sep-2025,093020,47 29.185900 N,062 39.572400 W,2.2,152.2,A,Depth,Depth,66.574074,D,P,161974.000000
Tue Sep 09 06:30:21 2025,09-Sep-2025,093021,47 29.185400 N,062 39.572000 W,2.2,152.5,A,Depth,Depth,66.574074,D,P,161974.000000
Tue Sep 09 06:30:21 2025,09-Sep-2025,093022,47 29.184800 N,062 39.571600 W,2.2,153.0,A,Depth,Depth,66.574074,D,P,161974.000000
Tue Sep 09 06:30:21 2025,09-Sep-2025,093023,47 29.184300 N,062 39.571200 W,2.1,153.4,A,Depth,Depth,66.574074,D,P,161974.000000
Tue Sep 09 06:30:25 2025,09-Sep-2025,093024,47 29.183800 N,062 39.570700 W,2.1,153.1,A,DoorSpread,DoorMaster,0.000000,E,P,165541.000000
Tue Sep 09 06:30:26 2025,09-Sep-2025,093025,47 29.183300 N,062 39.570300 W,2.1,152.2,A,Primary,Headline,54.346939,D,P,102789.000000
Tue Sep 09 06:30:26 2025,09-Sep-2025,093026,47 29.182800 N,062 39.569800 W,2.1,151.8,A,Primary,Headline,54.346939,D,P,102789.000000
Tue Sep 09 06:30:26 2025,09-Sep-2025,093027,47 29.182400 N,062 39.569400 W,2.1,152.7,A,Primary,Headline,54.346939,D,P,102789.000000
Tue Sep 09 06:30:28 2025,09-Sep-2025,093028,47 29.181800 N,062 39.569200 W,2.1,153.6,A,Depth,Depth,66.481481,D,P,120676.000000
Tue Sep 09 06:30:30 2025,09-Sep-2025,093029,47 29.181300 N,062 39.568800 W,2.2,153.4,A,DoorSpread,DoorMaster,0.000000,E,S,181880.000000
Tue Sep 09 06:30:30 2025,09-Sep-2025,093030,47 29.180800 N,062 39.568300 W,2.2,153.0,A,DoorSpread,DoorMaster,0.000000,E,S,181880.000000
Tue Sep 09 06:30:31 2025,09-Sep-2025,093031,47 29.180400 N,062 39.567900 W,2.1,152.7,A,Primary,Headline,46.489796,D,S,214608.000000
Tue Sep 09 06:30:31 2025,09-Sep-2025,093032,47 29.180000 N,062 39.567600 W,2.1,152.8,A,Primary,Headline,46.489796,D,S,214608.000000
Tue Sep 09 06:30:31 2025,09-Sep-2025,093033,47 29.179400 N,062 39.567300 W,2.1,153.9,A,Primary,Headline,46.489796,D,S,214608.000000
Tue Sep 09 06:30:35 2025,09-Sep-2025,093034,47 29.178900 N,062 39.567000 W,2.1,154.5,A,DoorSpread,DoorMaster,0.000000,E,P,75694.000000
Tue Sep 09 06:30:36 2025,09-Sep-2025,093035,47 29.178500 N,062 39.566500 W,2.0,154.6,A,Depth,Depth,67.222222,D,S,102587.000000
Tue Sep 09 06:30:36 2025,09-Sep-2025,093036,47 29.178100 N,062 39.566100 W,2.0,154.5,A,Depth,Depth,67.222222,D,S,102587.000000
Tue Sep 09 06:30:37 2025,09-Sep-2025,093037,47 29.177500 N,062 39.565600 W,2.1,154.8,A,Primary,Headline,52.959184,D,S,200862.000000
Tue Sep 09 06:30:37 2025,09-Sep-2025,093038,47 29.176900 N,062 39.565300 W,2.1,155.2,A,Primary,Headline,52.959184,D,S,200862.000000
Tue Sep 09 06:30:37 2025,09-Sep-2025,093039,47 29.176400 N,062 39.565000 W,2.1,155.5,A,Primary,Headline,52.959184,D,S,200862.000000
Tue Sep 09 06:30:41 2025,09-Sep-2025,093040,47 29.176000 N,062 39.564700 W,2.0,155.3,A,DoorSpread,DoorMaster,7.440000,D,S,228608.000000
Tue Sep 09 06:30:41 2025,09-Sep-2025,093041,47 29.175600 N,062 39.564400 W,2.0,154.4,A,DoorSpread,DoorMaster,7.440000,D,S,228608.000000
Tue Sep 09 06:30:43 2025,09-Sep-2025,093042,47 29.175200 N,062 39.564100 W,2.1,154.1,A,Primary,Headline,28.755102,D,S,92506.000000
Tue Sep 09 06:30:43 2025,09-Sep-2025,093043,47 29.174500 N,062 39.563700 W,2.1,154.6,A,Primary,Headline,28.755102,D,S,92506.000000
Tue Sep 09 06:30:43 2025,09-Sep-2025,093044,47 29.174000 N,062 39.563500 W,2.1,155.0,A,Primary,Headline,28.755102,D,S,92506.000000
Tue Sep 09 06:30:46 2025,09-Sep-2025,093045,47 29.173500 N,062 39.563200 W,2.0,154.9,A,DoorSpread,DoorMaster,0.000000,E,S,123922.000000
Tue Sep 09 06:30:46 2025,09-Sep-2025,093046,47 29.173000 N,062 39.562800 W,2.1,154.3,A,DoorSpread,DoorMaster,0.000000,E,S,123922.000000
Tue Sep 09 06:30:48 2025,09-Sep-2025,093047,47 29.172700 N,062 39.562300 W,2.1,153.5,A,Primary,Headline,16.367347,D,P,118091.000000
Tue Sep 09 06:30:48 2025,09-Sep-2025,093048,47 29.172200 N,062 39.562000 W,2.0,153.3,A,Primary,Headline,16.367347,D,P,118091.000000
Tue Sep 09 06:30:48 2025,09-Sep-2025,093049,47 29.171700 N,062 39.561700 W,2.1,153.6,A,Primary,Headline,16.367347,D,P,118091.000000
Tue Sep 09 06:30:51 2025,09-Sep-2025,093050,47 29.171100 N,062 39.561200 W,2.1,153.1,A,DoorSpread,DoorMaster,0.000000,E,P,35123.000000
Tue Sep 09 06:30:51 2025,09-Sep-2025,093051,47 29.170600 N,062 39.560700 W,2.1,152.5,A,DoorSpread,DoorMaster,0.000000,E,P,35123.000000
Tue Sep 09 06:30:53 2025,09-Sep-2025,093052,47 29.170100 N,062 39.560300 W,2.1,152.1,A,Primary,Headline,5.591837,D,S,107148.000000
Tue Sep 09 06:30:53 2025,09-Sep-2025,093053,47 29.169500 N,062 39.560100 W,2.1,152.7,A,Primary,Headline,5.591837,D,S,107148.000000
Tue Sep 09 06:30:53 2025,09-Sep-2025,093054,47 29.168900 N,062 39.559600 W,2.2,152.7,A,Primary,Headline,5.591837,D,S,107148.000000
Tue Sep 09 06:30:56 2025,09-Sep-2025,093055,47 29.168400 N,062 39.559000 W,2.2,152.0,A,DoorSpread,DoorMaster,0.000000,E,P,46910.000000
Tue Sep 09 06:30:56 2025,09-Sep-2025,093056,47 29.168000 N,062 39.558500 W,2.1,151.4,A,DoorSpread,DoorMaster,0.000000,E,P,46910.000000
Tue Sep 09 06:30:57 2025,09-Sep-2025,093057,47 29.167600 N,062 39.558200 W,2.2,151.3,A,Depth,Depth,66.666667,D,S,98035.000000
Tue Sep 09 06:30:59 2025,09-Sep-2025,093058,47 29.166900 N,062 39.557700 W,2.3,151.3,A,Primary,Headline,31.510204,D,S,58519.000000
Tue Sep 09 06:30:59 2025,09-Sep-2025,093059,47 29.166300 N,062 39.557300 W,2.3,151.4,A,Primary,Headline,31.510204,D,S,58519.000000
Tue Sep 09 06:31:01 2025,09-Sep-2025,093100,47 29.165800 N,062 39.556900 W,2.3,151.3,A,DoorSpread,DoorMaster,0.000000,E,S,64233.000000
Tue Sep 09 06:31:01 2025,09-Sep-2025,093101,47 29.165400 N,062 39.556400 W,2.2,151.1,A,DoorSpread,DoorMaster,0.000000,E,S,64233.000000
Tue Sep 09 06:31:01 2025,09-Sep-2025,093102,47 29.164900 N,062 39.556000 W,2.3,150.7,A,DoorSpread,DoorMaster,0.000000,E,S,64233.000000
Tue Sep 09 06:31:04 2025,09-Sep-2025,093103,47 29.164400 N,062 39.555400 W,2.3,150.7,A,Primary,Headline,6.795918,D,S,37905.000000
Tue Sep 09 06:31:04 2025,09-Sep-2025,093104,47 29.163900 N,062 39.555000 W,2.2,150.7,A,Depth,Depth,66.851852,D,S,44497.000000
Tue Sep 09 06:31:06 2025,09-Sep-2025,093105,47 29.163400 N,062 39.554700 W,2.2,150.6,A,DoorSpread,DoorMaster,1.235000,D,S,23197.000000
Tue Sep 09 06:31:06 2025,09-Sep-2025,093106,47 29.162900 N,062 39.554200 W,2.2,150.2,A,DoorSpread,DoorMaster,1.235000,D,S,23197.000000
Tue Sep 09 06:31:06 2025,09-Sep-2025,093107,47 29.162400 N,062 39.553700 W,2.2,150.2,A,DoorSpread,DoorMaster,1.235000,D,S,23197.000000
Tue Sep 09 06:31:09 2025,09-Sep-2025,093108,47 29.161900 N,062 39.553300 W,2.2,150.4,A,Primary,Headline,16.020408,D,S,36341.000000
Tue Sep 09 06:31:09 2025,09-Sep-2025,093109,47 29.161400 N,062 39.552800 W,2.2,150.2,A,Primary,Headline,16.020408,D,S,36341.000000
Tue Sep 09 06:31:09 2025,09-Sep-2025,093110,47 29.160900 N,062 39.552300 W,2.2,149.8,A,Primary,Headline,16.020408,D,S,36341.000000
Tue Sep 09 06:31:12 2025,09-Sep-2025,093111,47 29.160300 N,062 39.551900 W,2.2,149.7,A,Depth,Depth,51.388889,D,P,24447.000000
Tue Sep 09 06:31:12 2025,09-Sep-2025,093112,47 29.159700 N,062 39.551600 W,2.2,150.5,A,Depth,Depth,51.388889,D,P,24447.000000
Tue Sep 09 06:31:12 2025,09-Sep-2025,093113,47 29.159100 N,062 39.551200 W,2.2,151.1,A,Depth,Depth,51.388889,D,P,24447.000000
Tue Sep 09 06:31:14 2025,09-Sep-2025,093114,47 29.158500 N,062 39.550800 W,2.2,151.1,A,Primary,Headline,34.489796,D,P,86412.000000
Tue Sep 09 06:31:14 2025,09-Sep-2025,093115,47 29.158000 N,062 39.550200 W,2.2,150.6,A,Primary,Headline,34.489796,D,P,86412.000000
Tue Sep 09 06:31:17 2025,09-Sep-2025,093116,47 29.157500 N,062 39.549800 W,2.2,150.5,A,DoorSpread,DoorMaster,0.000000,E,S,89985.000000
Tue Sep 09 06:31:17 2025,09-Sep-2025,093117,47 29.156900 N,062 39.549400 W,2.3,151.2,A,DoorSpread,DoorMaster,0.000000,E,S,89985.000000
Tue Sep 09 06:31:19 2025,09-Sep-2025,093118,47 29.156300 N,062 39.549000 W,2.3,151.5,A,Depth,Depth,71.481481,D,P,180099.000000
Tue Sep 09 06:31:20 2025,09-Sep-2025,093119,47 29.155800 N,062 39.548500 W,2.2,151.7,A,Primary,Headline,34.979592,D,S,222014.000000
Tue Sep 09 06:31:20 2025,09-Sep-2025,093120,47 29.155400 N,062 39.548000 W,2.2,151.4,A,Primary,Headline,34.979592,D,S,222014.000000
Tue Sep 09 06:31:22 2025,09-Sep-2025,093121,47 29.155000 N,062 39.547400 W,2.2,151.0,A,DoorSpread,DoorMaster,0.000000,E,S,329615.000000
Tue Sep 09 06:31:22 2025,09-Sep-2025,093122,47 29.154500 N,062 39.546900 W,2.2,151.2,A,DoorSpread,DoorMaster,0.000000,E,S,329615.000000
Tue Sep 09 06:31:22 2025,09-Sep-2025,093123,47 29.153900 N,062 39.546600 W,2.2,151.8,A,DoorSpread,DoorMaster,0.000000,E,S,329615.000000
Tue Sep 09 06:31:22 2025,09-Sep-2025,093124,47 29.153200 N,062 39.546200 W,2.3,152.2,A,DoorSpread,DoorMaster,0.000000,E,S,329615.000000
Tue Sep 09 06:31:26 2025,09-Sep-2025,093125,47 29.152600 N,062 39.545700 W,2.3,152.0,A,Primary,Headline,38.653061,D,S,80589.000000
Tue Sep 09 06:31:26 2025,09-Sep-2025,093126,47 29.152100 N,062 39.545100 W,2.3,151.7,A,Depth,Depth,68.148148,D,S,44158.000000
Tue Sep 09 06:31:28 2025,09-Sep-2025,093127,47 29.151300 N,062 39.544400 W,2.4,151.5,A,DoorSpread,DoorMaster,17.925000,D,S,123667.000000
Tue Sep 09 06:31:28 2025,09-Sep-2025,093128,47 29.150500 N,062 39.543700 W,2.6,151.4,A,DoorSpread,DoorMaster,17.925000,D,S,123667.000000
Tue Sep 09 06:31:28 2025,09-Sep-2025,093129,47 29.149700 N,062 39.543000 W,2.6,151.1,A,DoorSpread,DoorMaster,17.925000,D,S,123667.000000
Tue Sep 09 06:31:28 2025,09-Sep-2025,093130,47 29.149100 N,062 39.542300 W,2.7,150.9,A,DoorSpread,DoorMaster,17.925000,D,S,123667.000000
Tue Sep 09 06:31:31 2025,09-Sep-2025,093131,47 29.148300 N,062 39.541500 W,2.9,150.6,A,Primary,Headline,41.448980,D,S,77535.000000
Tue Sep 09 06:31:33 2025,09-Sep-2025,093132,47 29.147400 N,062 39.540700 W,3.0,150.3,A,DoorSpread,DoorMaster,0.000000,E,S,79634.000000
Tue Sep 09 06:31:33 2025,09-Sep-2025,093133,47 29.146500 N,062 39.540100 W,3.1,150.0,A,Depth,Depth,65.277778,D,S,33192.000000
Tue Sep 09 06:31:33 2025,09-Sep-2025,093134,47 29.145600 N,062 39.539500 W,3.2,149.6,A,Depth,Depth,65.277778,D,S,33192.000000
Tue Sep 09 06:31:33 2025,09-Sep-2025,093135,47 29.144700 N,062 39.538900 W,3.3,149.5,A,Depth,Depth,65.277778,D,S,33192.000000
Tue Sep 09 06:31:36 2025,09-Sep-2025,093136,47 29.143900 N,062 39.538400 W,3.3,150.0,A,Primary,Headline,11.714286,D,S,82708.000000
Tue Sep 09 06:31:36 2025,09-Sep-2025,093137,47 29.143100 N,062 39.537900 W,3.3,149.8,A,Primary,Headline,11.714286,D,S,82708.000000
Tue Sep 09 06:31:38 2025,09-Sep-2025,093138,47 29.142300 N,062 39.537200 W,3.4,148.8,A,DoorSpread,DoorMaster,6.630000,D,S,112733.000000
Tue Sep 09 06:31:38 2025,09-Sep-2025,093139,47 29.141500 N,062 39.536400 W,3.5,148.8,A,DoorSpread,DoorMaster,6.630000,D,S,112733.000000
Tue Sep 09 06:31:40 2025,09-Sep-2025,093140,47 29.140600 N,062 39.535700 W,3.5,149.8,A,Depth,Depth,60.370370,D,S,150811.000000
Tue Sep 09 06:31:42 2025,09-Sep-2025,093141,47 29.139700 N,062 39.535100 W,3.6,150.4,A,Primary,Headline,12.612245,D,P,64390.000000
Tue Sep 09 06:31:42 2025,09-Sep-2025,093142,47 29.138700 N,062 39.534200 W,3.6,150.1,A,Primary,Headline,12.612245,D,P,64390.000000
Tue Sep 09 06:31:42 2025,09-Sep-2025,093143,47 29.138000 N,062 39.533500 W,3.6,149.0,A,Primary,Headline,12.612245,D,P,64390.000000
Tue Sep 09 06:31:44 2025,09-Sep-2025,093144,47 29.137300 N,062 39.532700 W,3.5,148.4,A,DoorSpread,DoorMaster,7.230000,D,S,294799.000000
Tue Sep 09 06:31:44 2025,09-Sep-2025,093145,47 29.136400 N,062 39.531800 W,3.6,149.1,A,DoorSpread,DoorMaster,7.230000,D,S,294799.000000
Tue Sep 09 06:31:44 2025,09-Sep-2025,093146,47 29.135500 N,062 39.531100 W,3.6,149.7,A,DoorSpread,DoorMaster,7.230000,D,S,294799.000000
Tue Sep 09 06:31:48 2025,09-Sep-2025,093147,47 29.134600 N,062 39.530500 W,3.6,150.2,A,Depth,Depth,65.555556,D,S,188712.000000
Tue Sep 09 06:31:48 2025,09-Sep-2025,093148,47 29.133800 N,062 39.529900 W,3.5,150.4,A,Depth,Depth,65.555556,D,S,188712.000000
Tue Sep 09 06:31:50 2025,09-Sep-2025,093149,47 29.132900 N,062 39.529100 W,3.4,150.5,A,DoorSpread,DoorMaster,8.910000,D,P,106945.000000
Tue Sep 09 06:31:50 2025,09-Sep-2025,093150,47 29.132100 N,062 39.528300 W,3.4,149.7,A,DoorSpread,DoorMaster,8.910000,D,P,106945.000000
Tue Sep 09 06:31:50 2025,09-Sep-2025,093151,47 29.131200 N,062 39.527600 W,3.2,149.3,A,DoorSpread,DoorMaster,8.910000,D,P,106945.000000
Tue Sep 09 06:31:52 2025,09-Sep-2025,093152,47 29.130500 N,062 39.527000 W,3.1,149.3,A,Primary,Headline,10.020408,D,S,175306.000000
Tue Sep 09 06:31:52 2025,09-Sep-2025,093153,47 29.129800 N,062 39.526700 W,2.9,149.7,A,Primary,Headline,10.020408,D,S,175306.000000
Tue Sep 09 06:31:52 2025,09-Sep-2025,093154,47 29.129000 N,062 39.526200 W,2.8,149.8,A,Primary,Headline,10.020408,D,S,175306.000000
Tue Sep 09 06:31:56 2025,09-Sep-2025,093155,47 29.128400 N,062 39.525500 W,2.8,149.0,A,DoorSpread,DoorMaster,7.255000,D,P,90964.000000
Tue Sep 09 06:31:56 2025,09-Sep-2025,093156,47 29.127800 N,062 39.524900 W,2.6,148.5,A,DoorSpread,DoorMaster,7.255000,D,P,90964.000000
Tue Sep 09 06:31:58 2025,09-Sep-2025,093157,47 29.127400 N,062 39.524600 W,2.5,148.6,A,Primary,Headline,35.224490,D,P,69968.000000
Tue Sep 09 06:31:58 2025,09-Sep-2025,093158,47 29.126800 N,062 39.524300 W,2.5,149.2,A,Primary,Headline,35.224490,D,P,69968.000000
Tue Sep 09 06:31:58 2025,09-Sep-2025,093159,47 29.126200 N,062 39.523900 W,2.5,149.6,A,Primary,Headline,35.224490,D,P,69968.000000
Tue Sep 09 06:31:58 2025,09-Sep-2025,093200,47 29.125800 N,062 39.523500 W,2.3,149.6,A,Primary,Headline,35.224490,D,P,69968.000000
Tue Sep 09 06:32:01 2025,09-Sep-2025,093201,47 29.125500 N,062 39.523100 W,2.1,149.6,A,DoorSpread,DoorMaster,7.175000,D,S,112937.000000
Tue Sep 09 06:32:02 2025,09-Sep-2025,093202,47 29.125200 N,062 39.522900 W,2.1,149.8,A,Depth,Depth,60.277778,D,S,58019.000000
Tue Sep 09 06:32:04 2025,09-Sep-2025,093203,47 29.124800 N,062 39.522700 W,2.1,150.6,A,Primary,Headline,53.183673,D,S,46290.000000
Tue Sep 09 06:32:04 2025,09-Sep-2025,093204,47 29.124300 N,062 39.522600 W,2.0,151.3,A,Primary,Headline,53.183673,D,S,46290.000000
Tue Sep 09 06:32:04 2025,09-Sep-2025,093205,47 29.124100 N,062 39.522300 W,1.9,151.4,A,Primary,Headline,53.183673,D,S,46290.000000
Tue Sep 09 06:32:07 2025,09-Sep-2025,093206,47 29.123900 N,062 39.521800 W,1.9,151.2,A,DoorSpread,DoorMaster,6.790000,D,S,216470.000000
Tue Sep 09 06:32:07 2025,09-Sep-2025,093207,47 29.123500 N,062 39.521500 W,1.9,151.9,A,DoorSpread,DoorMaster,6.790000,D,S,216470.000000
Tue Sep 09 06:32:07 2025,09-Sep-2025,093208,47 29.122900 N,062 39.521200 W,1.9,152.8,A,DoorSpread,DoorMaster,6.790000,D,S,216470.000000
Tue Sep 09 06:32:10 2025,09-Sep-2025,093209,47 29.122500 N,062 39.521100 W,1.8,153.5,A,Primary,Headline,52.877551,D,S,73590.000000
Tue Sep 09 06:32:10 2025,09-Sep-2025,093210,47 29.122300 N,062 39.520900 W,1.6,153.8,A,Primary,Headline,52.877551,D,S,73590.000000
Tue Sep 09 06:32:10 2025,09-Sep-2025,093211,47 29.122100 N,062 39.520600 W,1.6,153.9,A,Primary,Headline,52.877551,D,S,73590.000000
Tue Sep 09 06:32:12 2025,09-Sep-2025,093212,47 29.121700 N,062 39.520100 W,1.6,153.8,A,DoorSpread,DoorMaster,6.495000,D,S,324134.000000
Tue Sep 09 06:32:12 2025,09-Sep-2025,093213,47 29.121400 N,062 39.519900 W,1.6,154.2,A,DoorSpread,DoorMaster,6.495000,D,S,324134.000000
Tue Sep 09 06:32:12 2025,09-Sep-2025,093214,47 29.120900 N,062 39.519900 W,1.6,154.9,A,DoorSpread,DoorMaster,6.495000,D,S,324134.000000
Tue Sep 09 06:32:15 2025,09-Sep-2025,093215,47 29.120500 N,062 39.519700 W,1.6,155.4,A,Primary,Headline,52.204082,D,P,77766.000000
Tue Sep 09 06:32:17 2025,09-Sep-2025,093216,47 29.120200 N,062 39.519300 W,1.6,155.1,A,Depth,Depth,58.148148,D,S,202400.000000
Tue Sep 09 06:32:18 2025,09-Sep-2025,093217,47 29.120000 N,062 39.518800 W,1.5,154.5,A,DoorSpread,DoorMaster,6.455000,D,S,330896.000000
Tue Sep 09 06:32:18 2025,09-Sep-2025,093218,47 29.119800 N,062 39.518600 W,1.4,154.1,A,DoorSpread,DoorMaster,6.455000,D,S,330896.000000
Tue Sep 09 06:32:18 2025,09-Sep-2025,093219,47 29.119400 N,062 39.518300 W,1.5,154.6,A,DoorSpread,DoorMaster,6.455000,D,S,330896.000000
Tue Sep 09 06:32:18 2025,09-Sep-2025,093220,47 29.118900 N,062 39.518000 W,1.6,155.1,A,DoorSpread,DoorMaster,6.455000,D,S,330896.000000
Tue Sep 09 06:32:21 2025,09-Sep-2025,093221,47 29.118500 N,062 39.517600 W,1.5,155.1,A,Primary,Headline,54.448980,D,S,86925.000000
Tue Sep 09 06:32:21 2025,09-Sep-2025,093222,47 29.118300 N,062 39.517200 W,1.5,154.7,A,Primary,Headline,54.448980,D,S,86925.000000
Tue Sep 09 06:32:24 2025,09-Sep-2025,093223,47 29.118100 N,062 39.516800 W,1.4,154.2,A,Depth,Depth,58.703704,D,P,176086.000000
Tue Sep 09 06:32:24 2025,09-Sep-2025,093224,47 29.117700 N,062 39.516500 W,1.4,153.7,A,Depth,Depth,59.629630,D,S,54309.000000
Tue Sep 09 06:32:24 2025,09-Sep-2025,093225,47 29.117400 N,062 39.516200 W,1.4,153.9,A,Depth,Depth,59.629630,D,S,54309.000000
Tue Sep 09 06:32:24 2025,09-Sep-2025,093226,47 29.117100 N,062 39.516100 W,1.3,154.1,A,Depth,Depth,59.629630,D,S,54309.000000
Tue Sep 09 06:32:27 2025,09-Sep-2025,093227,47 29.116900 N,062 39.515900 W,1.3,153.5,A,Primary,Headline,53.265306,D,S,93649.000000
Tue Sep 09 06:32:27 2025,09-Sep-2025,093228,47 29.116600 N,062 39.515500 W,1.4,152.5,A,Primary,Headline,53.265306,D,S,93649.000000
Tue Sep 09 06:32:29 2025,09-Sep-2025,093229,47 29.116200 N,062 39.515100 W,1.4,151.9,A,DoorSpread,DoorMaster,5.895000,D,S,73578.000000
Tue Sep 09 06:32:31 2025,09-Sep-2025,093230,47 29.115900 N,062 39.514800 W,1.3,151.7,A,Depth,Depth,59.166667,D,S,77726.000000
Tue Sep 09 06:32:31 2025,09-Sep-2025,093231,47 29.115600 N,062 39.514600 W,1.4,151.6,A,Depth,Depth,59.166667,D,S,77726.000000
Tue Sep 09 06:32:31 2025,09-Sep-2025,093232,47 29.115200 N,062 39.514300 W,1.4,151.2,A,Depth,Depth,59.166667,D,S,77726.000000
Tue Sep 09 06:32:33 2025,09-Sep-2025,093233,47 29.114900 N,062 39.513900 W,1.4,150.8,A,Primary,Headline,57.142857,D,S,186669.000000
Tue Sep 09 06:32:35 2025,09-Sep-2025,093234,47 29.114500 N,062 39.513600 W,1.4,150.4,A,DoorSpread,DoorMaster,5.790000,D,P,130747.000000
Tue Sep 09 06:32:35 2025,09-Sep-2025,093235,47 29.114200 N,062 39.513200 W,1.5,152.0,A,DoorSpread,DoorMaster,5.790000,D,P,130747.000000
Tue Sep 09 06:32:35 2025,09-Sep-2025,093236,47 29.113500 N,062 39.512700 W,1.6,152.9,A,DoorSpread,DoorMaster,5.790000,D,P,130747.000000
Tue Sep 09 06:32:35 2025,09-Sep-2025,093237,47 29.113000 N,062 39.512100 W,1.6,153.4,A,DoorSpread,DoorMaster,5.790000,D,P,130747.000000
Tue Sep 09 06:32:38 2025,09-Sep-2025,093238,47 29.112700 N,062 39.511700 W,1.6,153.3,A,Depth,Depth,58.981481,D,S,103138.000000
Tue Sep 09 06:32:39 2025,09-Sep-2025,093239,47 29.112300 N,062 39.511100 W,1.7,152.9,A,Primary,Headline,56.897959,D,S,167356.000000
Tue Sep 09 06:32:40 2025,09-Sep-2025,093240,47 29.111900 N,062 39.510500 W,1.8,152.6,A,DoorSpread,DoorMaster,5.800000,D,S,416520.000000
Tue Sep 09 06:32:40 2025,09-Sep-2025,093241,47 29.111400 N,062 39.510100 W,1.8,153.8,A,DoorSpread,DoorMaster,5.800000,D,S,416520.000000
Tue Sep 09 06:32:40 2025,09-Sep-2025,093242,47 29.111000 N,062 39.509800 W,1.7,154.5,A,DoorSpread,DoorMaster,5.800000,D,S,416520.000000
Tue Sep 09 06:32:40 2025,09-Sep-2025,093243,47 29.110600 N,062 39.509400 W,1.7,155.0,A,DoorSpread,DoorMaster,5.800000,D,S,416520.000000
Tue Sep 09 06:32:44 2025,09-Sep-2025,093244,47 29.110300 N,062 39.508900 W,1.8,154.4,A,Primary,Headline,2.938776,D,P,104146.000000
Tue Sep 09 06:32:46 2025,09-Sep-2025,093245,47 29.109900 N,062 39.508400 W,1.7,153.9,A,DoorSpread,DoorMaster,5.880000,D,S,67693.000000
Tue Sep 09 06:32:46 2025,09-Sep-2025,093246,47 29.109600 N,062 39.508100 W,1.7,153.7,A,DoorSpread,DoorMaster,5.880000,D,S,67693.000000
Tue Sep 09 06:32:46 2025,09-Sep-2025,093247,47 29.109200 N,062 39.508000 W,1.7,153.7,A,DoorSpread,DoorMaster,5.880000,D,S,67693.000000
Tue Sep 09 06:32:46 2025,09-Sep-2025,093248,47 29.108700 N,062 39.507800 W,1.8,153.3,A,DoorSpread,DoorMaster,5.880000,D,S,67693.000000
Tue Sep 09 06:32:49 2025,09-Sep-2025,093249,47 29.108300 N,062 39.507500 W,1.8,152.9,A,Primary,Headline,5.142857,D,S,211991.000000
Tue Sep 09 06:32:49 2025,09-Sep-2025,093250,47 29.108000 N,062 39.507200 W,1.6,152.6,A,Primary,Headline,5.142857,D,S,211991.000000
Tue Sep 09 06:32:51 2025,09-Sep-2025,093251,47 29.107800 N,062 39.507000 W,1.6,152.2,A,DoorSpread,DoorMaster,5.710000,D,S,135313.000000
Tue Sep 09 06:32:53 2025,09-Sep-2025,093252,47 29.107400 N,062 39.506800 W,1.7,152.0,A,Depth,Depth,58.148148,D,P,97522.000000
Tue Sep 09 06:32:53 2025,09-Sep-2025,093253,47 29.106900 N,062 39.506500 W,1.7,152.0,A,Depth,Depth,58.148148,D,P,97522.000000
Tue Sep 09 06:32:55 2025,09-Sep-2025,093254,47 29.106600 N,062 39.506300 W,1.6,151.9,A,Primary,Headline,52.897959,D,S,206479.000000
Tue Sep 09 06:32:55 2025,09-Sep-2025,093255,47 29.106300 N,062 39.506000 W,1.5,151.8,A,Primary,Headline,52.897959,D,S,206479.000000
Tue Sep 09 06:32:55 2025,09-Sep-2025,093256,47 29.105900 N,062 39.505800 W,1.6,151.8,A,Primary,Headline,52.897959,D,S,206479.000000
Tue Sep 09 06:32:57 2025,09-Sep-2025,093257,47 29.105400 N,062 39.505300 W,1.6,151.6,A,DoorSpread,DoorMaster,6.190000,D,S,273342.000000
Tue Sep 09 06:32:57 2025,09-Sep-2025,093258,47 29.105000 N,062 39.504900 W,1.6,151.4,A,DoorSpread,DoorMaster,6.190000,D,S,273342.000000
Tue Sep 09 06:33:00 2025,09-Sep-2025,093259,47 29.104600 N,062 39.504600 W,1.5,151.5,A,Depth,Depth,55.925926,D,S,29963.000000
Tue Sep 09 06:33:01 2025,09-Sep-2025,093300,47 29.104200 N,062 39.504400 W,1.5,151.5,A,Primary,Headline,52.020408,D,S,93645.000000
Tue Sep 09 06:33:01 2025,09-Sep-2025,093301,47 29.103800 N,062 39.504000 W,1.6,151.0,A,Primary,Headline,52.020408,D,S,93645.000000
Tue Sep 09 06:33:02 2025,09-Sep-2025,093302,47 29.103500 N,062 39.503600 W,1.5,150.6,A,DoorSpread,DoorMaster,5.895000,D,S,128298.000000
Tue Sep 09 06:33:02 2025,09-Sep-2025,093303,47 29.103100 N,062 39.503400 W,1.5,150.5,A,DoorSpread,DoorMaster,5.895000,D,S,128298.000000
Tue Sep 09 06:33:02 2025,09-Sep-2025,093304,47 29.102700 N,062 39.503300 W,1.5,150.7,A,DoorSpread,DoorMaster,5.895000,D,S,128298.000000
Tue Sep 09 06:33:02 2025,09-Sep-2025,093305,47 29.102300 N,062 39.503100 W,1.5,150.9,A,DoorSpread,DoorMaster,5.895000,D,S,128298.000000
Tue Sep 09 06:33:07 2025,09-Sep-2025,093306,47 29.102100 N,062 39.502700 W,1.5,150.4,A,Primary,Headline,47.163265,D,S,88578.000000
Tue Sep 09 06:33:08 2025,09-Sep-2025,093307,47 29.101800 N,062 39.502400 W,1.5,149.8,A,DoorSpread,DoorMaster,5.830000,D,P,53489.000000
Tue Sep 09 06:33:08 2025,09-Sep-2025,093308,47 29.101400 N,062 39.502100 W,1.5,149.8,A,DoorSpread,DoorMaster,5.830000,D,P,53489.000000
Tue Sep 09 06:33:08 2025,09-Sep-2025,093309,47 29.101000 N,062 39.502000 W,1.5,150.2,A,DoorSpread,DoorMaster,5.830000,D,P,53489.000000
Tue Sep 09 06:33:08 2025,09-Sep-2025,093310,47 29.100500 N,062 39.501800 W,1.5,150.5,A,DoorSpread,DoorMaster,5.830000,D,P,53489.000000
Tue Sep 09 06:33:08 2025,09-Sep-2025,093311,47 29.100200 N,062 39.501500 W,1.5,150.2,A,DoorSpread,DoorMaster,5.830000,D,P,53489.000000
Tue Sep 09 06:33:13 2025,09-Sep-2025,093312,47 29.099900 N,062 39.501200 W,1.4,150.1,A,Primary,Headline,50.326531,D,S,114224.000000
Tue Sep 09 06:33:14 2025,09-Sep-2025,093313,47 29.099600 N,062 39.501000 W,1.4,150.1,A,DoorSpread,DoorMaster,6.540000,D,S,77618.000000
Tue Sep 09 06:33:14 2025,09-Sep-2025,093314,47 29.099200 N,062 39.500800 W,1.4,150.3,A,Depth,Depth,55.740741,D,P,74434.000000
Tue Sep 09 06:33:14 2025,09-Sep-2025,093315,47 29.098800 N,062 39.500500 W,1.5,150.6,A,Depth,Depth,55.740741,D,P,74434.000000
Tue Sep 09 06:33:14 2025,09-Sep-2025,093316,47 29.098400 N,062 39.500400 W,1.4,151.0,A,Depth,Depth,55.740741,D,P,74434.000000
Tue Sep 09 06:33:14 2025,09-Sep-2025,093317,47 29.098100 N,062 39.500200 W,1.4,151.4,A,Depth,Depth,55.740741,D,P,74434.000000
Tue Sep 09 06:33:18 2025,09-Sep-2025,093318,47 29.097800 N,062 39.499900 W,1.4,151.4,A,Primary,Headline,36.673469,D,S,131042.000000
Tue Sep 09 06:33:19 2025,09-Sep-2025,093319,47 29.097400 N,062 39.499500 W,1.5,151.5,A,DoorSpread,DoorMaster,5.260000,D,S,276387.000000
Tue Sep 09 06:33:19 2025,09-Sep-2025,093320,47 29.097000 N,062 39.499400 W,1.5,151.9,A,DoorSpread,DoorMaster,5.260000,D,S,276387.000000
Tue Sep 09 06:33:22 2025,09-Sep-2025,093321,47 29.096700 N,062 39.499200 W,1.4,152.1,A,Depth,Depth,54.814815,D,S,126204.000000
Tue Sep 09 06:33:22 2025,09-Sep-2025,093322,47 29.096400 N,062 39.498900 W,1.4,152.2,A,Depth,Depth,54.814815,D,S,126204.000000
Tue Sep 09 06:33:23 2025,09-Sep-2025,093323,47 29.096000 N,062 39.498700 W,1.4,152.5,A,Primary,Headline,24.224490,D,S,246426.000000
Tue Sep 09 06:33:25 2025,09-Sep-2025,093324,47 29.095600 N,062 39.498400 W,1.5,152.8,A,DoorSpread,DoorMaster,5.180000,D,S,310183.000000
Tue Sep 09 06:33:25 2025,09-Sep-2025,093325,47 29.095200 N,062 39.498100 W,1.5,153.1,A,DoorSpread,DoorMaster,5.180000,D,S,310183.000000
Tue Sep 09 06:33:25 2025,09-Sep-2025,093326,47 29.094700 N,062 39.497900 W,1.5,153.5,A,DoorSpread,DoorMaster,5.180000,D,S,310183.000000
Tue Sep 09 06:33:25 2025,09-Sep-2025,093327,47 29.094300 N,062 39.497600 W,1.6,153.6,A,DoorSpread,DoorMaster,5.180000,D,S,310183.000000
Tue Sep 09 06:33:29 2025,09-Sep-2025,093328,47 29.093700 N,062 39.497100 W,1.6,153.4,A,Depth,Depth,54.814815,D,S,115319.000000
Tue Sep 09 06:33:29 2025,09-Sep-2025,093329,47 29.093200 N,062 39.496700 W,1.6,153.4,A,Primary,Headline,43.285714,D,S,213381.000000
Tue Sep 09 06:33:30 2025,09-Sep-2025,093330,47 29.092700 N,062 39.496400 W,1.6,153.4,A,DoorSpread,DoorMaster,5.035000,D,S,272468.000000
Tue Sep 09 06:33:30 2025,09-Sep-2025,093331,47 29.092300 N,062 39.496000 W,1.6,153.4,A,DoorSpread,DoorMaster,5.035000,D,S,272468.000000
Tue Sep 09 06:33:30 2025,09-Sep-2025,093332,47 29.091700 N,062 39.495500 W,1.8,153.9,A,DoorSpread,DoorMaster,5.035000,D,S,272468.000000
Tue Sep 09 06:33:30 2025,09-Sep-2025,093333,47 29.091100 N,062 39.495000 W,1.9,154.8,A,DoorSpread,DoorMaster,5.035000,D,S,272468.000000
Tue Sep 09 06:33:35 2025,09-Sep-2025,093334,47 29.090800 N,062 39.494600 W,1.8,155.4,A,Primary,Headline,45.448980,D,S,240535.000000
Tue Sep 09 06:33:36 2025,09-Sep-2025,093335,47 29.090400 N,062 39.494200 W,1.8,155.9,A,Depth,Depth,51.574074,D,P,46278.000000
Tue Sep 09 06:33:36 2025,09-Sep-2025,093336,47 29.090000 N,062 39.493800 W,1.9,155.6,A,Depth,Depth,51.574074,D,P,46278.000000
Tue Sep 09 06:33:36 2025,09-Sep-2025,093337,47 29.089600 N,062 39.493400 W,1.9,155.5,A,Depth,Depth,51.574074,D,P,46278.000000
Tue Sep 09 06:33:36 2025,09-Sep-2025,093338,47 29.089200 N,062 39.493100 W,1.8,155.4,A,Depth,Depth,51.574074,D,P,46278.000000
Tue Sep 09 06:33:36 2025,09-Sep-2025,093339,47 29.088900 N,062 39.492800 W,1.8,155.3,A,Depth,Depth,51.574074,D,P,46278.000000
Tue Sep 09 06:33:41 2025,09-Sep-2025,093340,47 29.088500 N,062 39.492500 W,1.9,154.9,A,Primary,Headline,45.142857,D,S,104804.000000
Tue Sep 09 06:33:41 2025,09-Sep-2025,093341,47 29.088000 N,062 39.492100 W,2.0,154.5,A,DoorSpread,DoorMaster,5.195000,D,S,142801.000000
Tue Sep 09 06:33:41 2025,09-Sep-2025,093342,47 29.087600 N,062 39.491800 W,1.9,154.2,A,DoorSpread,DoorMaster,5.195000,D,S,142801.000000
Tue Sep 09 06:33:43 2025,09-Sep-2025,093343,47 29.087300 N,062 39.491600 W,1.9,154.0,A,Depth,Depth,50.462963,D,S,89429.000000
Tue Sep 09 06:33:43 2025,09-Sep-2025,093344,47 29.086900 N,062 39.491300 W,2.0,153.2,A,Depth,Depth,50.462963,D,S,89429.000000
Tue Sep 09 06:33:43 2025,09-Sep-2025,093345,47 29.086300 N,062 39.490900 W,2.0,152.6,A,Depth,Depth,50.462963,D,S,89429.000000
Tue Sep 09 06:33:46 2025,09-Sep-2025,093346,47 29.085900 N,062 39.490700 W,1.9,152.3,A,Primary,Headline,44.183673,D,S,89025.000000
Tue Sep 09 06:33:47 2025,09-Sep-2025,093347,47 29.085500 N,062 39.490500 W,1.9,152.3,A,DoorSpread,DoorMaster,5.410000,D,S,482777.000000
Tue Sep 09 06:33:47 2025,09-Sep-2025,093348,47 29.085100 N,062 39.490200 W,2.0,152.0,A,DoorSpread,DoorMaster,5.410000,D,S,482777.000000
Tue Sep 09 06:33:47 2025,09-Sep-2025,093349,47 29.084700 N,062 39.489800 W,2.0,152.1,A,DoorSpread,DoorMaster,5.410000,D,S,482777.000000
Tue Sep 09 06:33:50 2025,09-Sep-2025,093350,47 29.084400 N,062 39.489500 W,1.9,152.2,A,Depth,Depth,48.796296,D,S,58014.000000
Tue Sep 09 06:33:50 2025,09-Sep-2025,093351,47 29.084100 N,062 39.489200 W,1.9,151.9,A,Depth,Depth,48.796296,D,S,58014.000000
Tue Sep 09 06:33:53 2025,09-Sep-2025,093352,47 29.083500 N,062 39.488800 W,2.0,152.0,A,DoorSpread,DoorMaster,8.165000,D,S,581775.000000
Tue Sep 09 06:33:53 2025,09-Sep-2025,093353,47 29.082900 N,062 39.488400 W,2.0,152.6,A,DoorSpread,DoorMaster,8.165000,D,S,581775.000000
Tue Sep 09 06:33:53 2025,09-Sep-2025,093354,47 29.082400 N,062 39.488100 W,2.0,152.9,A,DoorSpread,DoorMaster,8.165000,D,S,581775.000000
Tue Sep 09 06:33:53 2025,09-Sep-2025,093355,47 29.081900 N,062 39.487700 W,2.0,152.7,A,DoorSpread,DoorMaster,8.165000,D,S,581775.000000
Tue Sep 09 06:33:53 2025,09-Sep-2025,093356,47 29.081500 N,062 39.487200 W,2.0,153.0,A,DoorSpread,DoorMaster,8.165000,D,S,581775.000000
Tue Sep 09 06:33:58 2025,09-Sep-2025,093357,47 29.080900 N,062 39.486900 W,2.0,153.5,A,DoorSpread,DoorMaster,5.545000,D,S,575137.000000
Tue Sep 09 06:33:58 2025,09-Sep-2025,093358,47 29.080300 N,062 39.486500 W,2.0,153.8,A,DoorSpread,DoorMaster,5.545000,D,S,575137.000000
Tue Sep 09 06:33:58 2025,09-Sep-2025,093359,47 29.079800 N,062 39.486100 W,2.1,152.9,A,DoorSpread,DoorMaster,5.545000,D,S,575137.000000
Tue Sep 09 06:33:58 2025,09-Sep-2025,093400,47 29.079400 N,062 39.485400 W,2.1,152.1,A,DoorSpread,DoorMaster,5.545000,D,S,575137.000000
Tue Sep 09 06:33:58 2025,09-Sep-2025,093401,47 29.078900 N,062 39.485000 W,2.1,152.0,A,DoorSpread,DoorMaster,5.545000,D,S,575137.000000
Tue Sep 09 06:33:58 2025,09-Sep-2025,093402,47 29.078500 N,062 39.484500 W,2.1,152.0,A,DoorSpread,DoorMaster,5.545000,D,S,575137.000000
Tue Sep 09 06:34:04 2025,09-Sep-2025,093403,47 29.078100 N,062 39.483900 W,2.1,151.5,A,DoorSpread,DoorMaster,5.040000,D,P,462793.000000
Tue Sep 09 06:34:05 2025,09-Sep-2025,093404,47 29.077700 N,062 39.483300 W,2.1,150.9,A,Depth,Depth,45.555556,D,P,28119.000000
Tue Sep 09 06:34:05 2025,09-Sep-2025,093405,47 29.077300 N,062 39.482800 W,2.1,150.3,A,Depth,Depth,45.555556,D,P,28119.000000
Tue Sep 09 06:34:05 2025,09-Sep-2025,093406,47 29.076800 N,062 39.482200 W,2.1,150.4,A,Depth,Depth,45.555556,D,P,28119.000000
Tue Sep 09 06:34:05 2025,09-Sep-2025,093407,47 29.076200 N,062 39.481800 W,2.2,150.7,A,Depth,Depth,45.555556,D,P,28119.000000
Tue Sep 09 06:34:09 2025,09-Sep-2025,093408,47 29.075500 N,062 39.481500 W,2.2,151.3,A,DoorSpread,DoorMaster,7.775000,D,S,32342.000000
Tue Sep 09 06:34:09 2025,09-Sep-2025,093409,47 29.075000 N,062 39.481100 W,2.1,151.6,A,DoorSpread,DoorMaster,7.775000,D,S,32342.000000
Tue Sep 09 06:34:09 2025,09-Sep-2025,093410,47 29.074600 N,062 39.480700 W,2.1,151.4,A,DoorSpread,DoorMaster,7.775000,D,S,32342.000000
Tue Sep 09 06:34:12 2025,09-Sep-2025,093411,47 29.074200 N,062 39.480200 W,2.1,151.0,A,Depth,Depth,37.314815,D,P,133716.000000
Tue Sep 09 06:34:12 2025,09-Sep-2025,093412,47 29.073600 N,062 39.479800 W,2.1,151.1,A,Depth,Depth,37.314815,D,P,133716.000000
Tue Sep 09 06:34:12 2025,09-Sep-2025,093413,47 29.073100 N,062 39.479400 W,2.1,151.2,A,Depth,Depth,37.314815,D,P,133716.000000
Tue Sep 09 06:34:15 2025,09-Sep-2025,093414,47 29.072700 N,062 39.479200 W,2.0,151.4,A,DoorSpread,DoorMaster,1.055000,D,S,466700.000000
Tue Sep 09 06:34:15 2025,09-Sep-2025,093415,47 29.072300 N,062 39.478700 W,2.0,151.2,A,DoorSpread,DoorMaster,1.055000,D,S,466700.000000
Tue Sep 09 06:34:15 2025,09-Sep-2025,093416,47 29.071700 N,062 39.478300 W,2.0,151.0,A,DoorSpread,DoorMaster,1.055000,D,S,466700.000000
Tue Sep 09 06:34:15 2025,09-Sep-2025,093417,47 29.071200 N,062 39.477900 W,2.0,150.9,A,DoorSpread,DoorMaster,1.055000,D,S,466700.000000
Tue Sep 09 06:34:19 2025,09-Sep-2025,093418,47 29.070700 N,062 39.477600 W,2.0,151.0,A,Depth,Depth,36.111111,D,S,227516.000000
Tue Sep 09 06:34:20 2025,09-Sep-2025,093419,47 29.070100 N,062 39.477400 W,2.0,152.3,A,DoorSpread,DoorMaster,4.105000,D,P,161302.000000
Tue Sep 09 06:34:20 2025,09-Sep-2025,093420,47 29.069400 N,062 39.477100 W,2.0,153.1,A,DoorSpread,DoorMaster,4.115000,D,S,203553.000000
Tue Sep 09 06:34:20 2025,09-Sep-2025,093421,47 29.069000 N,062 39.476700 W,1.9,153.3,A,DoorSpread,DoorMaster,4.115000,D,S,203553.000000
Tue Sep 09 06:34:20 2025,09-Sep-2025,093422,47 29.068600 N,062 39.476400 W,1.8,153.7,A,DoorSpread,DoorMaster,4.115000,D,S,203553.000000
Tue Sep 09 06:34:20 2025,09-Sep-2025,093423,47 29.068000 N,062 39.476100 W,1.9,154.4,A,DoorSpread,DoorMaster,4.115000,D,S,203553.000000
Tue Sep 09 06:34:20 2025,09-Sep-2025,093424,47 29.067300 N,062 39.475900 W,1.9,155.2,A,DoorSpread,DoorMaster,4.115000,D,S,203553.000000
Tue Sep 09 06:34:25 2025,09-Sep-2025,093425,47 29.066800 N,062 39.475600 W,1.8,155.4,A,DoorSpread,DoorMaster,4.100000,D,S,219783.000000
Tue Sep 09 06:34:26 2025,09-Sep-2025,093426,47 29.066400 N,062 39.475300 W,1.8,155.6,A,Depth,Depth,33.148148,D,P,68145.000000
Tue Sep 09 06:34:26 2025,09-Sep-2025,093427,47 29.065800 N,062 39.475000 W,1.9,155.7,A,Depth,Depth,33.148148,D,P,68145.000000
Tue Sep 09 06:34:26 2025,09-Sep-2025,093428,47 29.065200 N,062 39.474700 W,1.9,156.1,A,Depth,Depth,33.148148,D,P,68145.000000
Tue Sep 09 06:34:26 2025,09-Sep-2025,093429,47 29.064800 N,062 39.474500 W,1.8,156.4,A,Depth,Depth,33.148148,D,P,68145.000000
Tue Sep 09 06:34:31 2025,09-Sep-2025,093430,47 29.064300 N,062 39.474300 W,1.8,156.6,A,DoorSpread,DoorMaster,3.825000,D,P,270981.000000
Tue Sep 09 06:34:31 2025,09-Sep-2025,093431,47 29.063800 N,062 39.474000 W,1.8,156.7,A,DoorSpread,DoorMaster,3.615000,D,S,325533.000000
Tue Sep 09 06:34:31 2025,09-Sep-2025,093432,47 29.063300 N,062 39.473600 W,1.8,156.7,A,DoorSpread,DoorMaster,3.615000,D,S,325533.000000
Tue Sep 09 06:34:33 2025,09-Sep-2025,093433,47 29.062800 N,062 39.473300 W,1.7,156.5,A,Depth,Depth,30.370370,D,P,93152.000000
Tue Sep 09 06:34:33 2025,09-Sep-2025,093434,47 29.062400 N,062 39.473100 W,1.7,156.4,A,Depth,Depth,30.370370,D,P,93152.000000
Tue Sep 09 06:34:36 2025,09-Sep-2025,093435,47 29.062000 N,062 39.472800 W,1.7,156.3,A,DoorSpread,DoorMaster,4.120000,D,S,309535.000000
Tue Sep 09 06:34:36 2025,09-Sep-2025,093436,47 29.061600 N,062 39.472400 W,1.8,155.7,A,DoorSpread,DoorMaster,4.120000,D,S,309535.000000
Tue Sep 09 06:34:36 2025,09-Sep-2025,093437,47 29.061100 N,062 39.472000 W,1.8,155.0,A,DoorSpread,DoorMaster,4.120000,D,S,309535.000000
Tue Sep 09 06:34:36 2025,09-Sep-2025,093438,47 29.060700 N,062 39.471700 W,1.7,154.7,A,DoorSpread,DoorMaster,4.120000,D,S,309535.000000
Tue Sep 09 06:34:36 2025,09-Sep-2025,093439,47 29.060200 N,062 39.471600 W,1.7,154.7,A,DoorSpread,DoorMaster,4.120000,D,S,309535.000000
Tue Sep 09 06:34:40 2025,09-Sep-2025,093440,47 29.059800 N,062 39.471300 W,1.8,154.6,A,Depth,Depth,28.055556,D,S,128736.000000
Tue Sep 09 06:34:42 2025,09-Sep-2025,093441,47 29.059400 N,062 39.471000 W,1.7,154.2,A,DoorSpread,DoorMaster,3.755000,D,S,323553.000000
Tue Sep 09 06:34:42 2025,09-Sep-2025,093442,47 29.059100 N,062 39.470600 W,1.6,153.6,A,DoorSpread,DoorMaster,3.755000,D,S,323553.000000
Tue Sep 09 06:34:42 2025,09-Sep-2025,093443,47 29.058800 N,062 39.470100 W,1.7,152.6,A,DoorSpread,DoorMaster,3.755000,D,S,323553.000000
Tue Sep 09 06:34:42 2025,09-Sep-2025,093444,47 29.058400 N,062 39.469600 W,1.8,153.6,A,DoorSpread,DoorMaster,3.755000,D,S,323553.000000
Tue Sep 09 06:34:42 2025,09-Sep-2025,093445,47 29.058000 N,062 39.469500 W,1.7,154.5,A,DoorSpread,DoorMaster,3.755000,D,S,323553.000000
Tue Sep 09 06:34:47 2025,09-Sep-2025,093446,47 29.057700 N,062 39.469200 W,1.7,155.1,A,DoorSpread,DoorMaster,3.675000,D,P,512278.000000
Tue Sep 09 06:34:48 2025,09-Sep-2025,093447,47 29.057400 N,062 39.468700 W,1.8,153.2,A,Depth,Depth,29.907407,D,S,201510.000000
Tue Sep 09 06:34:48 2025,09-Sep-2025,093448,47 29.057100 N,062 39.468200 W,1.8,152.0,A,Depth,Depth,29.907407,D,S,201510.000000
Tue Sep 09 06:34:48 2025,09-Sep-2025,093449,47 29.056800 N,062 39.467900 W,1.8,151.2,A,Depth,Depth,29.907407,D,S,201510.000000
